No,Ch1,Ch2,Ch3,Ch4
21566,0.217,0.163,0.29,0.33
21567,0.106,0.215,0.386,0.293
21568,0.216,0.309,0.125,0.35
21569,0.398,0.16,0.196,0.246
21570,0.171,0.192,0.456,0.181
21571,0.092,0.461,0.149,0.298
21572,0.139,0.12,0.435,0.306
21573,0.167,0.162,0.228,0.443
21574,0.182,0.247,0.312,0.259
21575,0.083,0.116,0.552,0.249
21576,0.167,0.183,0.25,0.4
21577,0.192,0.131,0.495,0.182
21578,0.257,0.245,0.173,0.325
21579,0.136,0.164,0.181,0.519
21580,0.105,0.308,0.174,0.413
21581,0.245,0.16,0.188,0.407
21582,0.145,0.187,0.34,0.328
21583,0.148,0.171,0.24,0.441
21584,0.196,0.237,0.155,0.412
21585,0.283,0.239,0.17,0.308
21586,0.226,0.354,0.191,0.229
21587,0.099,0.425,0.218,0.258
21588,0.118,0.146,0.471,0.265
21589,0.149,0.148,0.415,0.288
21590,0.128,0.141,0.449,0.282
21591,0.101,0.235,0.314,0.35
21592,0.177,0.303,0.129,0.391
21593,0.459,0.195,0.116,0.23
21594,0.165,0.179,0.22,0.436
21595,0.248,0.189,0.125,0.438
21596,0.135,0.532,0.106,0.227
21597,0.343,0.242,0.129,0.286
21598,0.125,0.334,0.28,0.261
21599,0.255,0.301,0.259,0.185
21600,0.129,0.195,0.155,0.521
21601,0.142,0.168,0.217,0.473
21602,0.089,0.436,0.274,0.201
21603,0.346,0.124,0.17,0.36
21604,0.16,0.127,0.37,0.343
21605,0.117,0.094,0.544,0.245
21606,0.273,0.078,0.338,0.311
21607,0.436,0.207,0.109,0.248
21608,0.133,0.494,0.089,0.284
21609,0.087,0.084,0.432,0.397
21610,0.235,0.328,0.074,0.363
21611,0.09,0.145,0.415,0.35
21612,0.554,0.09,0.225,0.131
21613,0.075,0.221,0.334,0.37
21614,0.083,0.347,0.309,0.261
21615,0.31,0.297,0.087,0.306
21616,0.138,0.062,0.597,0.203
21617,0.222,0.222,0.248,0.308
21618,0.227,0.109,0.248,0.416
21619,0.203,0.2,0.128,0.469
21620,0.094,0.527,0.08,0.299
21621,0.105,0.37,0.199,0.326
21622,0.099,0.249,0.197,0.455
21623,0.284,0.287,0.141,0.288
21624,0.296,0.402,0.116,0.186
21625,0.136,0.17,0.422,0.272
21626,0.444,0.153,0.131,0.272
21627,0.102,0.196,0.421,0.281
21628,0.24,0.476,0.138,0.146
21629,0.408,0.152,0.127,0.313
21630,0.128,0.18,0.259,0.433
21631,0.14,0.152,0.491,0.217
21632,0.096,0.203,0.477,0.224
21633,0.145,0.207,0.229,0.419
21634,0.216,0.472,0.147,0.165
21635,0.093,0.582,0.159,0.166
21636,0.331,0.258,0.107,0.304
21637,0.373,0.292,0.13,0.205
21638,0.228,0.282,0.312,0.178
21639,0.144,0.529,0.109,0.218
21640,0.321,0.26,0.237,0.182
21641,0.252,0.266,0.328,0.154
21642,0.396,0.15,0.256,0.198
21643,0.09,0.264,0.481,0.165
21644,0.195,0.215,0.321,0.269
21645,0.206,0.489,0.117,0.188
21646,0.123,0.186,0.425,0.266
21647,0.146,0.236,0.317,0.301
21648,0.248,0.236,0.321,0.195
21649,0.397,0.228,0.202,0.173
21650,0.116,0.299,0.301,0.284
21651,0.317,0.126,0.218,0.339
21652,0.143,0.125,0.244,0.488
21653,0.439,0.148,0.204,0.209
21654,0.491,0.127,0.201,0.181
21655,0.309,0.095,0.427,0.169
21656,0.329,0.111,0.242,0.318
21657,0.45,0.202,0.139,0.209
21658,0.35,0.224,0.15,0.276
21659,0.463,0.121,0.202,0.214
21660,0.14,0.138,0.22,0.502
21661,0.27,0.249,0.157,0.324
21662,0.106,0.449,0.127,0.318
21663,0.138,0.218,0.491,0.153
21664,0.112,0.39,0.207,0.291
21665,0.276,0.278,0.192,0.254
21666,0.145,0.315,0.151,0.389
21667,0.091,0.285,0.252,0.372
21668,0.242,0.301,0.134,0.323
21669,0.159,0.299,0.154,0.388
21670,0.125,0.466,0.108,0.301
21671,0.087,0.348,0.442,0.123
21672,0.108,0.193,0.375,0.324
21673,0.235,0.318,0.117,0.33
21674,0.319,0.169,0.198,0.314
21675,0.379,0.163,0.118,0.34
21676,0.1,0.549,0.152,0.199
21677,0.572,0.09,0.169,0.169
21678,0.146,0.304,0.404,0.146
21679,0.145,0.461,0.088,0.306
21680,0.29,0.128,0.369,0.213
21681,0.323,0.166,0.177,0.334
21682,0.236,0.311,0.136,0.317
21683,0.312,0.145,0.221,0.322
21684,0.317,0.142,0.168,0.373
21685,0.15,0.311,0.147,0.392
21686,0.13,0.399,0.292,0.179
21687,0.231,0.155,0.303,0.311
21688,0.308,0.147,0.18,0.365
21689,0.222,0.454,0.119,0.205
21690,0.44,0.265,0.109,0.186
21691,0.258,0.409,0.105,0.228
21692,0.083,0.299,0.417,0.201
21693,0.113,0.501,0.102,0.284
21694,0.139,0.34,0.13,0.391
21695,0.345,0.23,0.268,0.157
21696,0.409,0.239,0.131,0.221
21697,0.345,0.268,0.2,0.187
21698,0.174,0.121,0.517,0.188
21699,0.369,0.361,0.08,0.19
21700,0.395,0.137,0.08,0.388
21701,0.559,0.108,0.093,0.24
21702,0.167,0.184,0.166,0.483
21703,0.185,0.189,0.113,0.513
21704,0.159,0.249,0.357,0.235
21705,0.088,0.09,0.561,0.261
21706,0.106,0.393,0.108,0.393
21707,0.08,0.45,0.278,0.192
21708,0.087,0.453,0.217,0.243
21709,0.191,0.149,0.099,0.561
21710,0.228,0.093,0.097,0.582
21711,0.092,0.35,0.356,0.202
21712,0.108,0.249,0.109,0.534
21713,0.512,0.154,0.145,0.189
21714,0.1,0.476,0.082,0.342
21715,0.304,0.088,0.291,0.317
21716,0.107,0.154,0.322,0.417
21717,0.184,0.096,0.323,0.397
21718,0.228,0.416,0.104,0.252
21719,0.178,0.183,0.265,0.374
21720,0.384,0.221,0.125,0.27
21721,0.145,0.191,0.448,0.216
21722,0.4,0.174,0.201,0.225
21723,0.224,0.181,0.176,0.419
21724,0.299,0.187,0.251,0.263
21725,0.112,0.207,0.315,0.366
21726,0.082,0.28,0.346,0.292
21727,0.243,0.107,0.446,0.204
21728,0.127,0.186,0.313,0.374
21729,0.223,0.27,0.117,0.39
21730,0.243,0.165,0.232,0.36
21731,0.255,0.192,0.359,0.194
21732,0.28,0.185,0.122,0.413
21733,0.412,0.289,0.118,0.181
21734,0.123,0.371,0.302,0.204
21735,0.177,0.324,0.161,0.338
21736,0.525,0.17,0.112,0.193
21737,0.227,0.272,0.286,0.215
21738,0.225,0.245,0.335,0.195
21739,0.205,0.377,0.265,0.153
21740,0.138,0.377,0.327,0.158
21741,0.159,0.316,0.234,0.291
21742,0.156,0.358,0.29,0.196
21743,0.394,0.18,0.139,0.287
21744,0.292,0.23,0.336,0.142
21745,0.222,0.157,0.332,0.289
21746,0.254,0.317,0.116,0.313
21747,0.326,0.386,0.13,0.158
21748,0.238,0.337,0.272,0.153
21749,0.14,0.255,0.275,0.33
21750,0.147,0.145,0.454,0.254
21751,0.304,0.133,0.269,0.294
21752,0.329,0.159,0.131,0.381
21753,0.25,0.205,0.186,0.359
21754,0.115,0.35,0.145,0.39
21755,0.149,0.234,0.251,0.366
21756,0.125,0.426,0.211,0.238
21757,0.167,0.42,0.098,0.315
21758,0.187,0.373,0.14,0.3
21759,0.306,0.273,0.206,0.215
21760,0.217,0.119,0.294,0.37
21761,0.081,0.135,0.536,0.248
21762,0.088,0.631,0.1,0.181
21763,0.442,0.106,0.097,0.355
21764,0.293,0.065,0.437,0.205
21765,0.403,0.114,0.142,0.341
21766,0.085,0.444,0.108,0.363
21767,0.107,0.187,0.421,0.285
21768,0.122,0.428,0.277,0.173
21769,0.166,0.267,0.111,0.456
21770,0.099,0.328,0.337,0.236
21771,0.082,0.167,0.411,0.34
21772,0.115,0.347,0.243,0.295
21773,0.306,0.367,0.12,0.207
21774,0.079,0.193,0.395,0.333
21775,0.236,0.301,0.163,0.3
21776,0.334,0.282,0.139,0.245
21777,0.116,0.146,0.402,0.336
21778,0.263,0.182,0.133,0.422
21779,0.367,0.189,0.11,0.334
21780,0.148,0.14,0.412,0.3
21781,0.119,0.128,0.499,0.254
21782,0.337,0.126,0.352,0.185
21783,0.197,0.141,0.151,0.511
21784,0.538,0.198,0.094,0.17
21785,0.148,0.51,0.21,0.132
21786,0.158,0.179,0.227,0.436
21787,0.112,0.579,0.106,0.203
21788,0.348,0.183,0.116,0.353
21789,0.137,0.188,0.218,0.457
21790,0.466,0.115,0.129,0.29
21791,0.222,0.177,0.164,0.437
21792,0.127,0.207,0.383,0.283
21793,0.144,0.19,0.457,0.209
21794,0.093,0.335,0.284,0.288
21795,0.291,0.09,0.466,0.153
21796,0.219,0.266,0.268,0.247
21797,0.365,0.334,0.094,0.207
21798,0.474,0.086,0.212,0.228
21799,0.142,0.146,0.168,0.544
21800,0.113,0.14,0.276,0.471
21801,0.126,0.258,0.311,0.305
21802,0.111,0.14,0.455,0.294
21803,0.121,0.118,0.367,0.394
21804,0.261,0.374,0.165,0.2
21805,0.417,0.117,0.114,0.352
21806,0.104,0.444,0.137,0.315
21807,0.133,0.34,0.149,0.378
21808,0.214,0.119,0.135,0.532
21809,0.522,0.115,0.1,0.263
21810,0.571,0.091,0.138,0.2
21811,0.226,0.424,0.214,0.136
21812,0.109,0.112,0.43,0.349
21813,0.274,0.386,0.141,0.199
21814,0.182,0.356,0.288,0.174
21815,0.356,0.122,0.302,0.22
21816,0.263,0.334,0.209,0.194
21817,0.228,0.126,0.461,0.185
21818,0.155,0.197,0.399,0.249
21819,0.279,0.145,0.199,0.377
21820,0.548,0.134,0.121,0.197
21821,0.127,0.167,0.382,0.324
21822,0.248,0.463,0.131,0.158
21823,0.115,0.309,0.371,0.205
21824,0.119,0.363,0.339,0.179
21825,0.122,0.371,0.173,0.334
21826,0.146,0.459,0.262,0.133
21827,0.076,0.142,0.58,0.202
21828,0.115,0.456,0.152,0.277
21829,0.152,0.274,0.385,0.189
21830,0.256,0.187,0.323,0.234
21831,0.208,0.313,0.155,0.324
21832,0.188,0.36,0.142,0.31
21833,0.363,0.141,0.271,0.225
21834,0.393,0.18,0.236,0.191
21835,0.153,0.373,0.179,0.295
21836,0.122,0.144,0.389,0.345
21837,0.16,0.151,0.298,0.391
21838,0.139,0.248,0.363,0.25
21839,0.127,0.337,0.177,0.359
21840,0.323,0.251,0.188,0.238
21841,0.3,0.207,0.21,0.283
21842,0.115,0.281,0.367,0.237
21843,0.262,0.138,0.277,0.323
21844,0.105,0.354,0.3,0.241
21845,0.198,0.165,0.25,0.387
21846,0.133,0.394,0.169,0.304
21847,0.421,0.126,0.206,0.247
21848,0.226,0.18,0.188,0.406
21849,0.331,0.349,0.11,0.21
21850,0.344,0.221,0.127,0.308
21851,0.152,0.545,0.125,0.178
21852,0.331,0.248,0.125,0.296
21853,0.099,0.243,0.298,0.36
21854,0.306,0.151,0.185,0.358
21855,0.107,0.224,0.212,0.457
21856,0.384,0.157,0.29,0.169
21857,0.129,0.227,0.199,0.445
21858,0.457,0.09,0.113,0.34
21859,0.459,0.103,0.137,0.301
21860,0.473,0.16,0.114,0.253
21861,0.093,0.217,0.458,0.232
21862,0.109,0.466,0.173,0.252
21863,0.087,0.369,0.177,0.367
21864,0.192,0.433,0.114,0.261
21865,0.131,0.248,0.386,0.235
21866,0.216,0.107,0.381,0.296
21867,0.109,0.127,0.175,0.589
21868,0.11,0.12,0.284,0.486
21869,0.218,0.11,0.178,0.494
21870,0.169,0.137,0.225,0.469
21871,0.45,0.119,0.116,0.315
21872,0.085,0.441,0.216,0.258
21873,0.368,0.295,0.212,0.125
21874,0.097,0.57,0.137,0.196
21875,0.265,0.238,0.12,0.377
21876,0.514,0.124,0.133,0.229
21877,0.104,0.247,0.144,0.505
21878,0.314,0.459,0.078,0.149
21879,0.143,0.223,0.129,0.505
21880,0.484,0.137,0.184,0.195
21881,0.133,0.191,0.189,0.487
21882,0.181,0.161,0.164,0.494
21883,0.116,0.227,0.181,0.476
21884,0.164,0.349,0.088,0.399
21885,0.11,0.281,0.112,0.497
21886,0.165,0.175,0.151,0.509
21887,0.136,0.124,0.353,0.387
21888,0.098,0.192,0.378,0.332
21889,0.247,0.257,0.211,0.285
21890,0.317,0.14,0.167,0.376
21891,0.374,0.125,0.273,0.228
21892,0.142,0.326,0.152,0.38
21893,0.151,0.396,0.133,0.32
21894,0.15,0.143,0.234,0.473
21895,0.08,0.151,0.512,0.257
21896,0.405,0.141,0.235,0.219
21897,0.162,0.408,0.229,0.201
21898,0.149,0.247,0.233,0.371
21899,0.174,0.138,0.496,0.192
21900,0.175,0.149,0.19,0.486
21901,0.13,0.481,0.119,0.27
21902,0.102,0.177,0.47,0.251
21903,0.102,0.114,0.497,0.287
21904,0.209,0.155,0.211,0.425
21905,0.094,0.309,0.21,0.387
21906,0.135,0.242,0.148,0.475
21907,0.119,0.272,0.183,0.426
21908,0.267,0.361,0.141,0.231
21909,0.188,0.272,0.266,0.274
21910,0.273,0.332,0.18,0.215
21911,0.332,0.316,0.177,0.175
21912,0.143,0.479,0.105,0.273
21913,0.174,0.242,0.3,0.284
21914,0.133,0.131,0.333,0.403
21915,0.216,0.267,0.228,0.289
21916,0.122,0.289,0.23,0.359
21917,0.169,0.282,0.173,0.376
21918,0.083,0.275,0.415,0.227
21919,0.196,0.097,0.544,0.163
21920,0.195,0.355,0.129,0.321
21921,0.114,0.593,0.103,0.19
21922,0.265,0.385,0.111,0.239
21923,0.158,0.253,0.186,0.403
21924,0.142,0.272,0.249,0.337
21925,0.327,0.316,0.166,0.191
21926,0.244,0.288,0.142,0.326
21927,0.117,0.169,0.354,0.36
21928,0.106,0.431,0.117,0.346
21929,0.129,0.127,0.163,0.581
21930,0.107,0.234,0.171,0.488
21931,0.144,0.209,0.142,0.505
21932,0.087,0.105,0.367,0.441
21933,0.089,0.349,0.086,0.476
21934,0.102,0.299,0.121,0.478
21935,0.144,0.149,0.156,0.551
21936,0.174,0.186,0.137,0.503
21937,0.094,0.125,0.421,0.36
21938,0.107,0.302,0.13,0.461
21939,0.125,0.263,0.138,0.474
21940,0.361,0.173,0.115,0.351
21941,0.108,0.114,0.203,0.575
21942,0.125,0.458,0.159,0.258
21943,0.107,0.281,0.122,0.49
21944,0.088,0.392,0.247,0.273
21945,0.102,0.283,0.139,0.476
21946,0.249,0.279,0.173,0.299
21947,0.383,0.277,0.103,0.237
21948,0.104,0.51,0.207,0.179
21949,0.221,0.241,0.165,0.373
21950,0.116,0.423,0.124,0.337
21951,0.104,0.27,0.255,0.371
21952,0.232,0.159,0.23,0.379
21953,0.33,0.192,0.111,0.367
21954,0.296,0.126,0.17,0.408
21955,0.361,0.144,0.166,0.329
21956,0.129,0.262,0.152,0.457
21957,0.229,0.135,0.302,0.334
21958,0.107,0.554,0.134,0.205
21959,0.135,0.143,0.154,0.568
21960,0.133,0.415,0.12,0.332
21961,0.247,0.12,0.315,0.318
21962,0.399,0.153,0.199,0.249
21963,0.088,0.482,0.221,0.209
21964,0.102,0.127,0.542,0.229
21965,0.108,0.137,0.239,0.516
21966,0.123,0.124,0.239,0.514
21967,0.381,0.107,0.293,0.219
21968,0.226,0.31,0.11,0.354
21969,0.103,0.181,0.163,0.553
21970,0.251,0.178,0.141,0.43
21971,0.143,0.281,0.41,0.166
21972,0.269,0.163,0.126,0.442
21973,0.343,0.119,0.107,0.431
21974,0.481,0.156,0.116,0.247
21975,0.128,0.15,0.236,0.486
21976,0.329,0.189,0.334,0.148
21977,0.122,0.265,0.199,0.414
21978,0.213,0.104,0.177,0.506
21979,0.167,0.18,0.139,0.514
21980,0.085,0.417,0.13,0.368
21981,0.105,0.282,0.187,0.426
21982,0.12,0.165,0.171,0.544
21983,0.117,0.114,0.201,0.568
21984,0.223,0.234,0.148,0.395
21985,0.105,0.488,0.101,0.306
21986,0.114,0.184,0.512,0.19
21987,0.111,0.313,0.192,0.384
21988,0.203,0.247,0.184,0.366
21989,0.126,0.271,0.144,0.459
21990,0.089,0.256,0.212,0.443
21991,0.231,0.245,0.127,0.397
21992,0.141,0.234,0.178,0.447
21993,0.101,0.409,0.097,0.393
21994,0.088,0.336,0.421,0.155
21995,0.074,0.192,0.335,0.399
21996,0.228,0.286,0.096,0.39
21997,0.263,0.184,0.169,0.384
21998,0.301,0.143,0.117,0.439
21999,0.081,0.582,0.159,0.178
22000,0.554,0.089,0.176,0.181
22001,0.136,0.345,0.339,0.18
22002,0.114,0.394,0.094,0.398
22003,0.106,0.262,0.426,0.206
22004,0.342,0.33,0.116,0.212
22005,0.36,0.124,0.203,0.313
22006,0.108,0.348,0.205,0.339
22007,0.222,0.375,0.128,0.275
22008,0.1,0.248,0.378,0.274
22009,0.228,0.211,0.307,0.254
22010,0.111,0.353,0.202,0.334
22011,0.11,0.308,0.265,0.317
22012,0.218,0.26,0.167,0.355
22013,0.237,0.223,0.272,0.268
22014,0.198,0.16,0.452,0.19
22015,0.134,0.139,0.412,0.315
22016,0.113,0.286,0.246,0.355
22017,0.106,0.475,0.222,0.197
22018,0.338,0.178,0.22,0.264
22019,0.268,0.13,0.294,0.308
22020,0.136,0.157,0.392,0.315
22021,0.214,0.183,0.286,0.317
22022,0.296,0.245,0.149,0.31
22023,0.209,0.207,0.3,0.284
22024,0.223,0.217,0.216,0.344
22025,0.271,0.216,0.185,0.328
22026,0.474,0.128,0.157,0.241
22027,0.301,0.139,0.19,0.37
22028,0.344,0.149,0.213,0.294
22029,0.148,0.228,0.198,0.426
22030,0.293,0.175,0.311,0.221
22031,0.229,0.194,0.144,0.433
22032,0.151,0.23,0.229,0.39
22033,0.206,0.14,0.436,0.218
22034,0.423,0.187,0.14,0.25
22035,0.304,0.187,0.145,0.364
22036,0.372,0.183,0.184,0.261
22037,0.163,0.269,0.128,0.44
22038,0.136,0.258,0.154,0.452
22039,0.37,0.205,0.189,0.236
22040,0.21,0.351,0.186,0.253
22041,0.271,0.098,0.406,0.225
22042,0.223,0.173,0.409,0.195
22043,0.171,0.388,0.231,0.21
22044,0.264,0.139,0.317,0.28
22045,0.105,0.389,0.282,0.224
22046,0.217,0.172,0.329,0.282
22047,0.148,0.254,0.324,0.274
22048,0.097,0.472,0.228,0.203
22049,0.115,0.459,0.204,0.222
22050,0.151,0.321,0.277,0.251
22051,0.171,0.248,0.373,0.208
22052,0.209,0.361,0.184,0.246
22053,0.112,0.445,0.261,0.182
22054,0.093,0.226,0.476,0.205
22055,0.153,0.338,0.321,0.188
22056,0.127,0.353,0.326,0.194
22057,0.25,0.141,0.358,0.251
22058,0.146,0.44,0.243,0.171
22059,0.34,0.372,0.087,0.201
22060,0.201,0.229,0.163,0.407
22061,0.124,0.189,0.423,0.264
22062,0.084,0.184,0.483,0.249
22063,0.067,0.516,0.18,0.237
22064,0.404,0.129,0.184,0.283
22065,0.128,0.185,0.299,0.388
22066,0.355,0.128,0.147,0.37
22067,0.316,0.206,0.096,0.382
22068,0.141,0.566,0.074,0.219
22069,0.111,0.407,0.116,0.366
22070,0.285,0.13,0.101,0.484
22071,0.203,0.2,0.096,0.501
22072,0.079,0.429,0.278,0.214
22073,0.125,0.138,0.278,0.459
22074,0.097,0.619,0.15,0.134
22075,0.109,0.245,0.206,0.44
22076,0.563,0.082,0.103,0.252
22077,0.164,0.122,0.104,0.61
22078,0.222,0.197,0.115,0.466
22079,0.365,0.175,0.124,0.336
22080,0.112,0.148,0.422,0.318
22081,0.137,0.441,0.136,0.286
22082,0.414,0.168,0.139,0.279
22083,0.09,0.466,0.121,0.323
22084,0.147,0.217,0.149,0.487
22085,0.206,0.127,0.234,0.433
22086,0.103,0.329,0.133,0.435
22087,0.119,0.113,0.3,0.468
22088,0.141,0.187,0.138,0.534
22089,0.084,0.413,0.204,0.299
22090,0.127,0.18,0.188,0.505
22091,0.113,0.12,0.488,0.279
22092,0.441,0.191,0.101,0.267
22093,0.116,0.146,0.353,0.385
22094,0.126,0.118,0.292,0.464
22095,0.128,0.158,0.155,0.559
22096,0.129,0.097,0.45,0.324
22097,0.339,0.105,0.14,0.416
22098,0.247,0.133,0.456,0.164
22099,0.14,0.361,0.163,0.336
22100,0.11,0.173,0.496,0.221
22101,0.432,0.197,0.117,0.254
22102,0.149,0.385,0.135,0.331
22103,0.236,0.197,0.172,0.395
22104,0.232,0.254,0.121,0.393
22105,0.113,0.315,0.186,0.386
22106,0.489,0.146,0.142,0.223
22107,0.128,0.148,0.433,0.291
22108,0.294,0.204,0.178,0.324
22109,0.346,0.326,0.115,0.213
22110,0.13,0.153,0.168,0.549
22111,0.281,0.156,0.145,0.418
22112,0.107,0.175,0.439,0.279
22113,0.1,0.488,0.155,0.257
22114,0.152,0.182,0.173,0.493
22115,0.156,0.192,0.182,0.47
22116,0.109,0.148,0.473,0.27
22117,0.253,0.153,0.42,0.174
22118,0.522,0.16,0.1,0.218
22119,0.148,0.502,0.112,0.238
22120,0.106,0.128,0.523,0.243
22121,0.15,0.215,0.178,0.457
22122,0.118,0.182,0.53,0.17
22123,0.088,0.523,0.143,0.246
22124,0.106,0.284,0.211,0.399
22125,0.239,0.152,0.171,0.438
22126,0.179,0.141,0.228,0.452
22127,0.52,0.123,0.149,0.208
22128,0.425,0.174,0.17,0.231
22129,0.125,0.129,0.207,0.539
22130,0.112,0.23,0.464,0.194
22131,0.493,0.143,0.147,0.217
22132,0.142,0.198,0.46,0.2
22133,0.089,0.13,0.545,0.236
22134,0.22,0.138,0.161,0.481
22135,0.521,0.098,0.122,0.259
22136,0.36,0.271,0.099,0.27
22137,0.108,0.272,0.362,0.258
22138,0.107,0.547,0.101,0.245
22139,0.167,0.3,0.287,0.246
22140,0.09,0.072,0.593,0.245
22141,0.079,0.244,0.419,0.258
22142,0.192,0.077,0.507,0.224
22143,0.069,0.391,0.265,0.275
22144,0.066,0.192,0.591,0.151
22145,0.067,0.075,0.578,0.28
22146,0.092,0.071,0.554,0.283
22147,0.284,0.076,0.364,0.276
22148,0.552,0.074,0.07,0.304
22149,0.075,0.592,0.079,0.254
22150,0.184,0.071,0.577,0.168
22151,0.087,0.078,0.563,0.272
22152,0.211,0.083,0.097,0.609
22153,0.06,0.405,0.357,0.178
22154,0.064,0.571,0.082,0.283
22155,0.091,0.268,0.183,0.458
22156,0.093,0.436,0.24,0.231
22157,0.096,0.405,0.336,0.163
22158,0.096,0.298,0.127,0.479
22159,0.093,0.24,0.48,0.187
22160,0.205,0.165,0.144,0.486
22161,0.116,0.153,0.257,0.474
22162,0.089,0.134,0.529,0.248
22163,0.273,0.152,0.098,0.477
22164,0.072,0.087,0.588,0.253
22165,0.091,0.558,0.115,0.236
22166,0.402,0.363,0.106,0.129
22167,0.56,0.145,0.146,0.149
22168,0.107,0.125,0.542,0.226
22169,0.459,0.101,0.141,0.299
22170,0.064,0.259,0.482,0.195
22171,0.093,0.275,0.379,0.253
22172,0.177,0.142,0.148,0.533
22173,0.189,0.485,0.085,0.241
22174,0.383,0.157,0.153,0.307
22175,0.15,0.32,0.15,0.38
22176,0.221,0.15,0.216,0.413
22177,0.176,0.149,0.204,0.471
22178,0.272,0.328,0.135,0.265
22179,0.157,0.246,0.163,0.434
22180,0.233,0.121,0.406,0.24
22181,0.139,0.386,0.186,0.289
22182,0.314,0.135,0.206,0.345
22183,0.172,0.37,0.116,0.342
22184,0.206,0.157,0.173,0.464
22185,0.197,0.26,0.109,0.434
22186,0.132,0.39,0.141,0.337
22187,0.193,0.268,0.131,0.408
22188,0.246,0.181,0.239,0.334
22189,0.175,0.117,0.344,0.364
22190,0.115,0.388,0.109,0.388
22191,0.22,0.151,0.366,0.263
22192,0.166,0.162,0.21,0.462
22193,0.141,0.167,0.178,0.514
22194,0.201,0.172,0.119,0.508
22195,0.22,0.47,0.165,0.145
22196,0.17,0.155,0.143,0.532
22197,0.123,0.31,0.117,0.45
22198,0.165,0.136,0.151,0.548
22199,0.538,0.117,0.125,0.22
22200,0.317,0.098,0.108,0.477
22201,0.123,0.505,0.143,0.229
22202,0.499,0.194,0.118,0.189
22203,0.512,0.171,0.131,0.186
22204,0.161,0.183,0.101,0.555
22205,0.223,0.147,0.177,0.453
22206,0.093,0.136,0.309,0.462
22207,0.123,0.134,0.239,0.504
22208,0.263,0.197,0.113,0.427
22209,0.151,0.126,0.134,0.589
22210,0.12,0.156,0.152,0.572
22211,0.126,0.168,0.131,0.575
22212,0.106,0.267,0.256,0.371
22213,0.146,0.325,0.192,0.337
22214,0.113,0.17,0.447,0.27
22215,0.087,0.221,0.503,0.189
22216,0.411,0.195,0.146,0.248
22217,0.103,0.175,0.469,0.253
22218,0.149,0.268,0.135,0.448
22219,0.225,0.141,0.129,0.505
22220,0.578,0.11,0.127,0.185
22221,0.142,0.163,0.192,0.503
22222,0.51,0.139,0.156,0.195
22223,0.166,0.288,0.131,0.415
22224,0.224,0.176,0.178,0.422
22225,0.578,0.169,0.097,0.156
22226,0.109,0.125,0.561,0.205
22227,0.317,0.161,0.194,0.328
22228,0.099,0.544,0.125,0.232
22229,0.204,0.436,0.092,0.268
22230,0.177,0.122,0.512,0.189
22231,0.608,0.113,0.111,0.168
22232,0.389,0.142,0.11,0.359
22233,0.106,0.135,0.394,0.365
22234,0.281,0.452,0.091,0.176
22235,0.384,0.122,0.113,0.381
22236,0.623,0.085,0.09,0.202
22237,0.258,0.114,0.223,0.405
22238,0.093,0.218,0.449,0.24
22239,0.098,0.486,0.22,0.196
22240,0.091,0.253,0.269,0.387
22241,0.183,0.222,0.16,0.435
22242,0.367,0.17,0.116,0.347
22243,0.086,0.491,0.103,0.32
22244,0.259,0.457,0.096,0.188
22245,0.43,0.099,0.109,0.362
22246,0.091,0.445,0.1,0.364
22247,0.102,0.092,0.433,0.373
22248,0.402,0.075,0.351,0.172
22249,0.096,0.144,0.285,0.475
22250,0.249,0.094,0.187,0.47
22251,0.124,0.108,0.278,0.49
22252,0.128,0.109,0.38,0.383
22253,0.171,0.268,0.088,0.473
22254,0.112,0.116,0.276,0.496
22255,0.134,0.124,0.223,0.519
22256,0.244,0.105,0.143,0.508
22257,0.372,0.105,0.16,0.363
22258,0.104,0.265,0.235,0.396
22259,0.165,0.117,0.168,0.55
22260,0.117,0.115,0.228,0.54
22261,0.139,0.116,0.256,0.489
22262,0.246,0.198,0.113,0.443
22263,0.102,0.217,0.112,0.569
22264,0.276,0.169,0.089,0.466
22265,0.158,0.123,0.498,0.221
22266,0.18,0.087,0.212,0.521
22267,0.097,0.097,0.293,0.513
22268,0.196,0.161,0.123,0.52
22269,0.227,0.457,0.097,0.219
22270,0.173,0.21,0.307,0.31
22271,0.197,0.216,0.304,0.283
22272,0.206,0.32,0.137,0.337
22273,0.213,0.209,0.286,0.292
22274,0.214,0.357,0.144,0.285
22275,0.139,0.359,0.194,0.308
22276,0.119,0.251,0.291,0.339
22277,0.275,0.193,0.351,0.181
22278,0.115,0.289,0.25,0.346
22279,0.345,0.213,0.149,0.293
22280,0.209,0.149,0.217,0.425
22281,0.492,0.137,0.165,0.206
22282,0.092,0.272,0.46,0.176
22283,0.188,0.207,0.191,0.414
22284,0.268,0.202,0.333,0.197
22285,0.136,0.308,0.138,0.418
22286,0.168,0.127,0.366,0.339
22287,0.238,0.239,0.124,0.399
22288,0.206,0.197,0.132,0.465
22289,0.123,0.417,0.123,0.337
22290,0.216,0.102,0.327,0.355
22291,0.425,0.132,0.126,0.317
22292,0.237,0.156,0.162,0.445
22293,0.124,0.251,0.15,0.475
22294,0.28,0.236,0.136,0.348
22295,0.235,0.149,0.311,0.305
22296,0.188,0.152,0.222,0.438
22297,0.137,0.147,0.285,0.431
22298,0.095,0.199,0.301,0.405
22299,0.132,0.309,0.124,0.435
22300,0.362,0.178,0.104,0.356
22301,0.096,0.152,0.412,0.34
22302,0.136,0.291,0.176,0.397
22303,0.19,0.197,0.185,0.428
22304,0.175,0.259,0.103,0.463
22305,0.119,0.23,0.193,0.458
22306,0.126,0.158,0.37,0.346
22307,0.146,0.342,0.179,0.333
22308,0.152,0.28,0.209,0.359
22309,0.357,0.156,0.158,0.329
22310,0.304,0.155,0.194,0.347
22311,0.169,0.357,0.138,0.336
22312,0.386,0.162,0.136,0.316
22313,0.359,0.171,0.131,0.339
22314,0.294,0.234,0.187,0.285
22315,0.244,0.228,0.176,0.352
22316,0.119,0.373,0.143,0.365
22317,0.144,0.364,0.176,0.316
22318,0.225,0.127,0.329,0.319
22319,0.304,0.22,0.117,0.359
22320,0.125,0.23,0.357,0.288
22321,0.278,0.158,0.175,0.389
22322,0.122,0.152,0.393,0.333
22323,0.129,0.284,0.184,0.403
22324,0.105,0.236,0.372,0.287
22325,0.157,0.283,0.14,0.42
22326,0.327,0.106,0.287,0.28
22327,0.348,0.322,0.17,0.16
22328,0.254,0.178,0.288,0.28
22329,0.238,0.177,0.214,0.371
22330,0.289,0.153,0.254,0.304
22331,0.166,0.322,0.12,0.392
22332,0.228,0.123,0.223,0.426
22333,0.406,0.076,0.338,0.18
22334,0.131,0.109,0.422,0.338
22335,0.332,0.191,0.221,0.256
22336,0.356,0.283,0.137,0.224
22337,0.134,0.215,0.421,0.23
22338,0.135,0.33,0.127,0.408
22339,0.177,0.138,0.435,0.25
22340,0.121,0.32,0.111,0.448
22341,0.2,0.2,0.148,0.452
22342,0.231,0.249,0.282,0.238
22343,0.154,0.46,0.161,0.225
22344,0.131,0.345,0.349,0.175
22345,0.371,0.164,0.19,0.275
22346,0.276,0.21,0.162,0.352
22347,0.139,0.265,0.324,0.272
22348,0.119,0.247,0.413,0.221
22349,0.24,0.282,0.273,0.205
22350,0.274,0.2,0.325,0.201
22351,0.2,0.172,0.381,0.247
22352,0.394,0.158,0.213,0.235
22353,0.146,0.156,0.336,0.362
22354,0.169,0.376,0.181,0.274
22355,0.186,0.255,0.223,0.336
22356,0.135,0.172,0.369,0.324
22357,0.175,0.373,0.174,0.278
22358,0.403,0.157,0.175,0.265
22359,0.271,0.285,0.282,0.162
22360,0.164,0.375,0.134,0.327
22361,0.222,0.221,0.173,0.384
22362,0.177,0.218,0.292,0.313
22363,0.156,0.189,0.255,0.4
22364,0.179,0.266,0.318,0.237
22365,0.145,0.274,0.365,0.216
22366,0.444,0.219,0.217,0.12
22367,0.482,0.128,0.146,0.244
22368,0.236,0.463,0.124,0.177
22369,0.142,0.558,0.146,0.154
22370,0.22,0.393,0.154,0.233
22371,0.436,0.156,0.133,0.275
22372,0.279,0.422,0.094,0.205
22373,0.351,0.115,0.208,0.326
22374,0.194,0.528,0.107,0.171
22375,0.08,0.584,0.122,0.214
22376,0.394,0.169,0.131,0.306
22377,0.237,0.381,0.138,0.244
22378,0.111,0.1,0.593,0.196
22379,0.348,0.37,0.099,0.183
22380,0.094,0.192,0.412,0.302
22381,0.104,0.479,0.115,0.302
22382,0.086,0.49,0.137,0.287
22383,0.297,0.196,0.185,0.322
22384,0.277,0.431,0.106,0.186
22385,0.252,0.132,0.363,0.253
22386,0.165,0.289,0.432,0.114
22387,0.148,0.197,0.215,0.44
22388,0.416,0.225,0.107,0.252
22389,0.149,0.188,0.428,0.235
22390,0.138,0.317,0.118,0.427
22391,0.371,0.178,0.131,0.32
22392,0.226,0.246,0.195,0.333
22393,0.108,0.194,0.427,0.271
22394,0.101,0.238,0.295,0.366
22395,0.313,0.29,0.098,0.299
22396,0.113,0.116,0.319,0.452
22397,0.336,0.217,0.144,0.303
22398,0.212,0.192,0.341,0.255
22399,0.114,0.191,0.506,0.189
22400,0.077,0.197,0.524,0.202
22401,0.477,0.069,0.161,0.293
22402,0.181,0.352,0.219,0.248
22403,0.276,0.169,0.204,0.351
22404,0.342,0.124,0.332,0.202
22405,0.114,0.364,0.174,0.348
22406,0.122,0.43,0.13,0.318
22407,0.157,0.159,0.319,0.365
22408,0.103,0.161,0.508,0.228
22409,0.363,0.175,0.242,0.22
22410,0.169,0.436,0.242,0.153
22411,0.141,0.295,0.286,0.278
22412,0.17,0.182,0.495,0.153
22413,0.146,0.162,0.259,0.433
22414,0.155,0.482,0.132,0.231
22415,0.09,0.168,0.535,0.207
22416,0.101,0.149,0.519,0.231
22417,0.276,0.125,0.266,0.333
22418,0.101,0.351,0.281,0.267
22419,0.148,0.294,0.143,0.415
22420,0.124,0.383,0.172,0.321
22421,0.306,0.132,0.373,0.189
22422,0.159,0.292,0.178,0.371
22423,0.128,0.174,0.475,0.223
22424,0.419,0.195,0.127,0.259
22425,0.162,0.288,0.154,0.396
22426,0.273,0.21,0.165,0.352
22427,0.267,0.25,0.14,0.343
22428,0.129,0.244,0.169,0.458
22429,0.533,0.134,0.121,0.212
22430,0.131,0.159,0.403,0.307
22431,0.225,0.188,0.177,0.41
22432,0.248,0.409,0.132,0.211
22433,0.117,0.137,0.186,0.56
22434,0.28,0.183,0.141,0.396
22435,0.117,0.193,0.402,0.288
22436,0.105,0.493,0.133,0.269
22437,0.161,0.165,0.179,0.495
22438,0.166,0.166,0.169,0.499
22439,0.108,0.168,0.46,0.264
22440,0.151,0.392,0.195,0.262
22441,0.297,0.154,0.396,0.153
22442,0.16,0.235,0.395,0.21
22443,0.12,0.426,0.159,0.295
22444,0.198,0.193,0.368,0.241
22445,0.133,0.401,0.193,0.273
22446,0.132,0.24,0.451,0.177
22447,0.225,0.342,0.128,0.305
22448,0.112,0.224,0.489,0.175
22449,0.187,0.353,0.154,0.306
22450,0.154,0.273,0.192,0.381
22451,0.131,0.402,0.222,0.245
22452,0.131,0.32,0.17,0.379
22453,0.178,0.195,0.215,0.412
22454,0.193,0.403,0.175,0.229
22455,0.28,0.205,0.154,0.361
22456,0.215,0.208,0.183,0.394
22457,0.136,0.367,0.288,0.209
22458,0.127,0.365,0.235,0.273
22459,0.269,0.347,0.233,0.151
22460,0.21,0.173,0.371,0.246
22461,0.245,0.154,0.349,0.252
22462,0.306,0.285,0.155,0.254
22463,0.1,0.36,0.17,0.37
22464,0.184,0.182,0.272,0.362
22465,0.39,0.325,0.115,0.17
22466,0.164,0.347,0.171,0.318
22467,0.266,0.367,0.176,0.191
22468,0.273,0.186,0.259,0.282
22469,0.3,0.292,0.203,0.205
22470,0.353,0.296,0.122,0.229
22471,0.403,0.297,0.112,0.188
22472,0.122,0.304,0.328,0.246
22473,0.377,0.275,0.162,0.186
22474,0.419,0.127,0.263,0.191
22475,0.264,0.419,0.119,0.198
22476,0.254,0.157,0.308,0.281
22477,0.137,0.25,0.342,0.271
22478,0.151,0.113,0.312,0.424
22479,0.195,0.146,0.124,0.535
22480,0.095,0.236,0.211,0.458
22481,0.119,0.235,0.115,0.531
22482,0.159,0.185,0.125,0.531
22483,0.126,0.192,0.131,0.551
22484,0.167,0.223,0.087,0.523
22485,0.091,0.244,0.146,0.519
22486,0.114,0.175,0.313,0.398
22487,0.124,0.106,0.241,0.529
22488,0.094,0.108,0.377,0.421
22489,0.214,0.101,0.23,0.455
22490,0.099,0.351,0.107,0.443
22491,0.09,0.339,0.095,0.476
22492,0.116,0.217,0.228,0.439
22493,0.12,0.27,0.303,0.307
22494,0.157,0.111,0.242,0.49
22495,0.092,0.205,0.212,0.491
22496,0.202,0.118,0.147,0.533
22497,0.146,0.464,0.214,0.176
22498,0.148,0.194,0.257,0.401
22499,0.297,0.152,0.132,0.419
22500,0.469,0.146,0.137,0.248
22501,0.32,0.134,0.164,0.382
22502,0.206,0.164,0.172,0.458
22503,0.244,0.161,0.144,0.451
22504,0.141,0.295,0.116,0.448
22505,0.257,0.133,0.187,0.423
22506,0.285,0.184,0.21,0.321
22507,0.099,0.351,0.126,0.424
22508,0.107,0.525,0.116,0.252
22509,0.406,0.144,0.117,0.333
22510,0.107,0.547,0.11,0.236
22511,0.155,0.14,0.417,0.288
22512,0.206,0.123,0.221,0.45
22513,0.174,0.13,0.16,0.536
22514,0.121,0.485,0.127,0.267
22515,0.112,0.112,0.3,0.476
22516,0.111,0.305,0.206,0.378
22517,0.231,0.12,0.228,0.421
22518,0.19,0.174,0.197,0.439
22519,0.159,0.275,0.116,0.45
22520,0.279,0.223,0.111,0.387
22521,0.109,0.286,0.223,0.382
22522,0.108,0.124,0.401,0.367
22523,0.097,0.403,0.145,0.355
22524,0.13,0.137,0.275,0.458
22525,0.223,0.134,0.35,0.293
22526,0.343,0.234,0.079,0.344
22527,0.109,0.294,0.184,0.413
22528,0.101,0.128,0.377,0.394
22529,0.146,0.33,0.17,0.354
22530,0.151,0.123,0.206,0.52
22531,0.094,0.09,0.43,0.386
22532,0.157,0.169,0.147,0.527
22533,0.103,0.294,0.155,0.448
22534,0.214,0.215,0.12,0.451
22535,0.118,0.253,0.256,0.373
22536,0.102,0.378,0.253,0.267
22537,0.107,0.381,0.338,0.174
22538,0.129,0.281,0.154,0.436
22539,0.116,0.245,0.439,0.2
22540,0.192,0.153,0.157,0.498
22541,0.123,0.187,0.258,0.432
22542,0.118,0.166,0.425,0.291
22543,0.291,0.153,0.12,0.436
22544,0.088,0.102,0.498,0.312
22545,0.107,0.466,0.155,0.272
22546,0.386,0.339,0.135,0.14
22547,0.464,0.164,0.186,0.186
22548,0.139,0.125,0.491,0.245
22549,0.381,0.121,0.174,0.324
22550,0.095,0.245,0.443,0.217
22551,0.11,0.242,0.364,0.284
22552,0.174,0.171,0.153,0.502
22553,0.203,0.436,0.096,0.265
22554,0.114,0.091,0.535,0.26
22555,0.083,0.237,0.426,0.254
22556,0.205,0.649,0.08,0.066
22557,0.083,0.196,0.102,0.619
22558,0.212,0.102,0.593,0.093
22559,0.104,0.379,0.213,0.304
22560,0.072,0.145,0.232,0.551
22561,0.075,0.34,0.497,0.088
22562,0.392,0.244,0.262,0.102
22563,0.33,0.079,0.18,0.411
22564,0.278,0.05,0.227,0.445
22565,0.063,0.142,0.488,0.307
22566,0.369,0.352,0.169,0.11
22567,0.085,0.106,0.52,0.289
22568,0.181,0.132,0.097,0.59
22569,0.439,0.052,0.365,0.144
22570,0.109,0.232,0.381,0.278
22571,0.418,0.281,0.06,0.241
22572,0.092,0.531,0.064,0.313
22573,0.37,0.166,0.118,0.346
22574,0.15,0.116,0.294,0.44
22575,0.07,0.274,0.341,0.315
22576,0.195,0.397,0.09,0.318
22577,0.417,0.218,0.163,0.202
22578,0.076,0.272,0.519,0.133
22579,0.115,0.197,0.17,0.518
22580,0.399,0.162,0.249,0.19
22581,0.088,0.17,0.309,0.433
22582,0.362,0.106,0.4,0.132
22583,0.175,0.154,0.361,0.31
22584,0.069,0.273,0.287,0.371
22585,0.207,0.363,0.155,0.275
22586,0.072,0.585,0.109,0.234
22587,0.214,0.118,0.114,0.554
22588,0.188,0.113,0.218,0.481
22589,0.35,0.372,0.152,0.126
22590,0.107,0.102,0.311,0.48
22591,0.328,0.072,0.479,0.121
22592,0.225,0.343,0.219,0.213
22593,0.246,0.212,0.194,0.348
22594,0.132,0.199,0.406,0.263
22595,0.145,0.205,0.253,0.397
22596,0.323,0.245,0.209,0.223
22597,0.107,0.22,0.352,0.321
22598,0.124,0.398,0.137,0.341
22599,0.175,0.194,0.153,0.478
22600,0.145,0.2,0.188,0.467
22601,0.211,0.159,0.16,0.47
22602,0.36,0.181,0.109,0.35
22603,0.275,0.182,0.187,0.356
22604,0.12,0.263,0.263,0.354
22605,0.335,0.187,0.135,0.343
22606,0.191,0.157,0.347,0.305
22607,0.134,0.156,0.298,0.412
22608,0.127,0.409,0.125,0.339
22609,0.158,0.24,0.159,0.443
22610,0.115,0.39,0.165,0.33
22611,0.101,0.167,0.453,0.279
22612,0.131,0.18,0.262,0.427
22613,0.403,0.202,0.153,0.242
22614,0.384,0.176,0.168,0.272
22615,0.206,0.411,0.171,0.212
22616,0.509,0.118,0.172,0.201
22617,0.217,0.147,0.391,0.245
22618,0.365,0.123,0.241,0.271
22619,0.103,0.282,0.144,0.471
22620,0.091,0.411,0.25,0.248
22621,0.235,0.137,0.315,0.313
22622,0.2,0.265,0.158,0.377
22623,0.128,0.361,0.12,0.391
22624,0.142,0.376,0.13,0.352
22625,0.294,0.177,0.163,0.366
22626,0.329,0.138,0.2,0.333
22627,0.2,0.135,0.246,0.419
22628,0.118,0.202,0.476,0.204
22629,0.1,0.263,0.202,0.435
22630,0.285,0.284,0.238,0.193
22631,0.279,0.358,0.123,0.24
22632,0.241,0.322,0.168,0.269
22633,0.173,0.211,0.291,0.325
22634,0.182,0.366,0.196,0.256
22635,0.168,0.392,0.142,0.298
22636,0.161,0.395,0.22,0.224
22637,0.413,0.197,0.145,0.245
22638,0.211,0.229,0.177,0.383
22639,0.206,0.263,0.172,0.359
22640,0.151,0.203,0.382,0.264
22641,0.139,0.395,0.251,0.215
22642,0.149,0.305,0.177,0.369
22643,0.217,0.164,0.219,0.4
22644,0.117,0.266,0.448,0.169
22645,0.218,0.181,0.24,0.361
22646,0.182,0.202,0.223,0.393
22647,0.392,0.236,0.156,0.216
22648,0.4,0.265,0.131,0.204
22649,0.132,0.376,0.188,0.304
22650,0.121,0.336,0.179,0.364
22651,0.13,0.153,0.38,0.337
22652,0.156,0.175,0.195,0.474
22653,0.102,0.245,0.388,0.265
22654,0.143,0.164,0.209,0.484
22655,0.124,0.432,0.158,0.286
22656,0.28,0.188,0.308,0.224
22657,0.325,0.182,0.167,0.326
22658,0.136,0.162,0.192,0.51
22659,0.139,0.147,0.454,0.26
22660,0.436,0.188,0.119,0.257
22661,0.251,0.154,0.33,0.265
22662,0.106,0.193,0.487,0.214
22663,0.126,0.465,0.148,0.261
22664,0.093,0.457,0.135,0.315
22665,0.374,0.164,0.245,0.217
22666,0.295,0.222,0.138,0.345
22667,0.099,0.23,0.429,0.242
22668,0.144,0.266,0.176,0.414
22669,0.158,0.138,0.265,0.439
22670,0.133,0.379,0.165,0.323
22671,0.141,0.142,0.392,0.325
22672,0.228,0.156,0.207,0.409
22673,0.232,0.166,0.164,0.438
22674,0.125,0.126,0.471,0.278
22675,0.109,0.203,0.218,0.47
22676,0.143,0.435,0.14,0.282
22677,0.297,0.134,0.168,0.401
22678,0.148,0.157,0.268,0.427
22679,0.198,0.318,0.11,0.374
22680,0.121,0.222,0.297,0.36
22681,0.152,0.344,0.139,0.365
22682,0.294,0.368,0.067,0.271
22683,0.095,0.097,0.502,0.306
22684,0.143,0.459,0.153,0.245
22685,0.176,0.142,0.269,0.413
22686,0.49,0.094,0.116,0.3
22687,0.103,0.397,0.166,0.334
22688,0.516,0.26,0.128,0.096
22689,0.193,0.356,0.233,0.218
22690,0.074,0.298,0.416,0.212
22691,0.114,0.373,0.318,0.195
22692,0.123,0.367,0.159,0.351
22693,0.16,0.437,0.107,0.296
22694,0.502,0.09,0.192,0.216
22695,0.239,0.135,0.302,0.324
22696,0.122,0.417,0.103,0.358
22697,0.111,0.455,0.128,0.306
22698,0.255,0.326,0.088,0.331
22699,0.518,0.132,0.148,0.202
22700,0.333,0.15,0.118,0.399
22701,0.121,0.314,0.102,0.463
22702,0.176,0.126,0.424,0.274
22703,0.319,0.104,0.415,0.162
22704,0.121,0.374,0.09,0.415
22705,0.058,0.304,0.192,0.446
22706,0.263,0.1,0.266,0.371
22707,0.093,0.417,0.222,0.268
22708,0.094,0.253,0.329,0.324
22709,0.118,0.54,0.09,0.252
22710,0.145,0.288,0.122,0.445
22711,0.535,0.134,0.116,0.215
22712,0.176,0.242,0.119,0.463
22713,0.188,0.138,0.183,0.491
22714,0.102,0.129,0.479,0.29
22715,0.224,0.259,0.116,0.401
22716,0.159,0.139,0.186,0.516
22717,0.14,0.121,0.23,0.509
22718,0.254,0.108,0.142,0.496
22719,0.489,0.106,0.108,0.297
22720,0.071,0.265,0.223,0.441
22721,0.465,0.173,0.08,0.282
22722,0.16,0.133,0.203,0.504
22723,0.084,0.363,0.084,0.469
22724,0.176,0.097,0.485,0.242
22725,0.161,0.353,0.188,0.298
22726,0.118,0.397,0.129,0.356
22727,0.137,0.257,0.354,0.252
22728,0.11,0.34,0.234,0.316
22729,0.239,0.316,0.202,0.243
22730,0.14,0.291,0.188,0.381
22731,0.115,0.275,0.197,0.413
22732,0.244,0.289,0.156,0.311
22733,0.164,0.307,0.18,0.349
22734,0.114,0.422,0.136,0.328
22735,0.09,0.392,0.341,0.177
22736,0.099,0.195,0.411,0.295
22737,0.307,0.259,0.098,0.336
22738,0.316,0.157,0.226,0.301
22739,0.252,0.291,0.14,0.317
22740,0.105,0.47,0.167,0.258
22741,0.471,0.154,0.178,0.197
22742,0.151,0.259,0.399,0.191
22743,0.149,0.403,0.111,0.337
22744,0.209,0.429,0.171,0.191
22745,0.359,0.184,0.181,0.276
22746,0.17,0.308,0.302,0.22
22747,0.473,0.166,0.123,0.238
22748,0.346,0.138,0.359,0.157
22749,0.122,0.24,0.432,0.206
22750,0.244,0.211,0.388,0.157
22751,0.163,0.252,0.423,0.162
22752,0.351,0.152,0.278,0.219
22753,0.317,0.324,0.171,0.188
22754,0.3,0.333,0.227,0.14
22755,0.127,0.186,0.341,0.346
22756,0.251,0.206,0.243,0.3
22757,0.249,0.174,0.218,0.359
22758,0.104,0.315,0.39,0.191
22759,0.332,0.273,0.119,0.276
22760,0.138,0.179,0.404,0.279
22761,0.121,0.388,0.159,0.332
22762,0.118,0.316,0.371,0.195
22763,0.14,0.429,0.222,0.209
22764,0.165,0.445,0.115,0.275
22765,0.319,0.261,0.138,0.282
22766,0.323,0.266,0.25,0.161
22767,0.174,0.14,0.387,0.299
22768,0.107,0.164,0.4,0.329
22769,0.117,0.58,0.103,0.2
22770,0.499,0.117,0.111,0.273
22771,0.222,0.117,0.465,0.196
22772,0.44,0.132,0.173,0.255
22773,0.146,0.451,0.115,0.288
22774,0.113,0.323,0.306,0.258
22775,0.119,0.461,0.231,0.189
22776,0.199,0.289,0.119,0.393
22777,0.111,0.344,0.337,0.208
22778,0.106,0.125,0.44,0.329
22779,0.211,0.271,0.243,0.275
22780,0.191,0.458,0.163,0.188
22781,0.122,0.16,0.427,0.291
22782,0.104,0.095,0.439,0.362
22783,0.09,0.131,0.431,0.348
22784,0.08,0.422,0.109,0.389
22785,0.272,0.286,0.171,0.271
22786,0.148,0.095,0.324,0.433
22787,0.34,0.112,0.135,0.413
22788,0.494,0.111,0.127,0.268
22789,0.426,0.088,0.116,0.37
22790,0.062,0.358,0.393,0.187
22791,0.098,0.292,0.104,0.506
22792,0.083,0.085,0.613,0.219
22793,0.63,0.084,0.076,0.21
22794,0.093,0.223,0.377,0.307
22795,0.118,0.401,0.081,0.4
22796,0.447,0.076,0.11,0.367
22797,0.08,0.086,0.538,0.296
22798,0.096,0.125,0.279,0.5
22799,0.497,0.096,0.107,0.3
22800,0.314,0.113,0.229,0.344
22801,0.17,0.259,0.215,0.356
22802,0.117,0.308,0.21,0.365
22803,0.505,0.209,0.103,0.183
22804,0.274,0.136,0.253,0.337
22805,0.209,0.248,0.155,0.388
22806,0.142,0.378,0.108,0.372
22807,0.292,0.123,0.302,0.283
22808,0.152,0.365,0.175,0.308
22809,0.153,0.164,0.442,0.241
22810,0.133,0.417,0.197,0.253
22811,0.188,0.158,0.306,0.348
22812,0.166,0.349,0.187,0.298
22813,0.398,0.122,0.193,0.287
22814,0.147,0.445,0.101,0.307
22815,0.149,0.431,0.188,0.232
22816,0.156,0.199,0.152,0.493
22817,0.379,0.16,0.113,0.348
22818,0.139,0.402,0.249,0.21
22819,0.165,0.124,0.389,0.322
22820,0.149,0.231,0.391,0.229
22821,0.136,0.192,0.342,0.33
22822,0.215,0.14,0.402,0.243
22823,0.115,0.326,0.135,0.424
22824,0.096,0.394,0.168,0.342
22825,0.234,0.093,0.501,0.172
22826,0.148,0.147,0.236,0.469
22827,0.458,0.114,0.171,0.257
22828,0.12,0.223,0.488,0.169
22829,0.111,0.341,0.244,0.304
22830,0.121,0.126,0.545,0.208
22831,0.113,0.474,0.115,0.298
22832,0.112,0.106,0.516,0.266
22833,0.236,0.466,0.089,0.209
22834,0.151,0.133,0.242,0.474
22835,0.209,0.165,0.124,0.502
22836,0.132,0.386,0.136,0.346
22837,0.124,0.294,0.162,0.42
22838,0.229,0.176,0.13,0.465
22839,0.176,0.216,0.346,0.262
22840,0.301,0.123,0.162,0.414
22841,0.258,0.192,0.164,0.386
22842,0.4,0.164,0.166,0.27
22843,0.209,0.131,0.348,0.312
22844,0.27,0.138,0.424,0.168
22845,0.292,0.179,0.349,0.18
22846,0.127,0.396,0.223,0.254
22847,0.429,0.248,0.094,0.229
22848,0.208,0.241,0.12,0.431
22849,0.294,0.108,0.407,0.191
22850,0.344,0.131,0.287,0.238
22851,0.131,0.317,0.24,0.312
22852,0.267,0.252,0.174,0.307
22853,0.322,0.139,0.338,0.201
22854,0.15,0.275,0.134,0.441
22855,0.392,0.203,0.142,0.263
22856,0.108,0.176,0.399,0.317
22857,0.165,0.169,0.28,0.386
22858,0.171,0.217,0.406,0.206
22859,0.19,0.508,0.108,0.194
22860,0.156,0.274,0.241,0.329
22861,0.164,0.201,0.314,0.321
22862,0.122,0.329,0.15,0.399
22863,0.174,0.455,0.103,0.268
22864,0.107,0.36,0.151,0.382
22865,0.344,0.232,0.137,0.287
22866,0.138,0.115,0.436,0.311
22867,0.116,0.12,0.491,0.273
22868,0.122,0.243,0.236,0.399
22869,0.255,0.144,0.256,0.345
22870,0.315,0.162,0.206,0.317
22871,0.117,0.513,0.107,0.263
22872,0.113,0.485,0.102,0.3
