No,Ch1,Ch2,Ch3,Ch4,Result,ANS,Accuracy
17253,0.46,0.206,0.097,0.237,Ch1,Ch2,0
17254,0.278,0.471,0.091,0.16,Ch2,Ch2,1
17255,0.411,0.161,0.285,0.143,Ch1,Ch3,0
17256,0.221,0.48,0.158,0.141,Ch2,Ch2,1
17257,0.091,0.132,0.314,0.463,Ch4,Ch3,0
17258,0.114,0.284,0.135,0.467,Ch4,Ch2,0
17259,0.125,0.588,0.122,0.165,Ch2,Ch2,1
17260,0.165,0.259,0.194,0.382,Ch4,Ch3,0
17261,0.526,0.143,0.107,0.224,Ch1,Ch1,1
17262,0.15,0.147,0.153,0.55,Ch4,Ch4,1
17263,0.105,0.347,0.107,0.441,Ch4,Ch2,0
17264,0.23,0.475,0.1,0.195,Ch2,Ch2,1
17265,0.078,0.621,0.107,0.194,Ch2,Ch2,1
17266,0.083,0.425,0.205,0.287,Ch2,Ch2,1
17267,0.118,0.411,0.082,0.389,Ch2,Ch2,1
17268,0.13,0.402,0.108,0.36,Ch2,Ch1,0
17269,0.128,0.259,0.178,0.435,Ch4,Ch4,1
17270,0.149,0.162,0.156,0.533,Ch4,Ch4,1
17271,0.219,0.132,0.125,0.524,Ch4,Ch4,1
17272,0.209,0.283,0.322,0.186,Ch3,Ch3,1
17273,0.167,0.503,0.117,0.213,Ch2,Ch1,0
17274,0.148,0.151,0.433,0.268,Ch3,Ch3,1
17275,0.239,0.376,0.094,0.291,Ch2,Ch2,1
17276,0.252,0.141,0.363,0.244,Ch3,Ch2,0
17277,0.293,0.174,0.266,0.267,Ch1,Ch2,0
17278,0.122,0.325,0.32,0.233,Ch2,Ch2,1
17279,0.276,0.185,0.265,0.274,Ch1,Ch1,1
17280,0.299,0.362,0.127,0.212,Ch2,Ch3,0
17281,0.391,0.112,0.205,0.292,Ch1,Ch3,0
17282,0.142,0.356,0.183,0.319,Ch2,Ch2,1
17283,0.162,0.117,0.528,0.193,Ch3,Ch1,0
17284,0.108,0.13,0.518,0.244,Ch3,Ch2,0
17285,0.47,0.127,0.163,0.24,Ch1,Ch2,0
17286,0.165,0.145,0.273,0.417,Ch4,Ch1,0
17287,0.163,0.414,0.11,0.313,Ch2,Ch1,0
17288,0.457,0.202,0.129,0.212,Ch1,Ch1,1
17289,0.385,0.136,0.227,0.252,Ch1,Ch3,0
17290,0.236,0.163,0.121,0.48,Ch4,Ch3,0
17291,0.255,0.14,0.359,0.246,Ch3,Ch1,0
17292,0.151,0.442,0.134,0.273,Ch2,Ch2,1
17293,0.304,0.18,0.192,0.324,Ch4,Ch4,1
17294,0.307,0.168,0.293,0.232,Ch1,Ch1,1
17295,0.314,0.17,0.162,0.354,Ch4,Ch4,1
17296,0.098,0.131,0.461,0.31,Ch3,Ch4,0
17297,0.138,0.12,0.438,0.304,Ch3,Ch4,0
17298,0.153,0.303,0.156,0.388,Ch4,Ch4,1
17299,0.433,0.127,0.174,0.266,Ch1,Ch1,1
17300,0.528,0.106,0.105,0.261,Ch1,Ch1,1
17301,0.067,0.182,0.479,0.272,Ch3,Ch3,1
17302,0.318,0.135,0.118,0.429,Ch4,Ch4,1
17303,0.101,0.371,0.159,0.369,Ch2,Ch4,0
17304,0.113,0.113,0.519,0.255,Ch3,Ch3,1
17305,0.17,0.32,0.144,0.366,Ch4,Ch4,1
17306,0.118,0.294,0.171,0.417,Ch4,Ch4,1
17307,0.415,0.131,0.121,0.333,Ch1,Ch4,0
17308,0.117,0.397,0.137,0.349,Ch2,Ch4,0
17309,0.111,0.14,0.45,0.299,Ch3,Ch3,1
17310,0.098,0.382,0.109,0.411,Ch4,Ch2,0
17311,0.094,0.135,0.527,0.244,Ch3,Ch3,1
17312,0.35,0.18,0.191,0.279,Ch1,Ch4,0
17313,0.232,0.157,0.119,0.492,Ch4,Ch4,1
17314,0.138,0.47,0.073,0.319,Ch2,Ch2,1
17315,0.53,0.09,0.093,0.287,Ch1,Ch1,1
17316,0.102,0.156,0.402,0.34,Ch3,Ch3,1
17317,0.135,0.298,0.269,0.298,Ch2,Ch3,0
17318,0.149,0.332,0.077,0.442,Ch4,Ch4,1
17319,0.181,0.161,0.391,0.267,Ch3,Ch3,1
17320,0.135,0.173,0.104,0.588,Ch4,Ch4,1
17321,0.269,0.188,0.176,0.367,Ch4,Ch4,1
17322,0.271,0.12,0.122,0.487,Ch4,Ch4,1
17323,0.127,0.146,0.134,0.593,Ch4,Ch4,1
17324,0.252,0.124,0.152,0.472,Ch4,Ch4,1
17325,0.136,0.305,0.083,0.476,Ch4,Ch4,1
17326,0.113,0.125,0.417,0.345,Ch3,Ch3,1
17327,0.203,0.161,0.124,0.512,Ch4,Ch4,1
17328,0.233,0.09,0.426,0.251,Ch3,Ch3,1
17329,0.14,0.347,0.303,0.21,Ch2,Ch4,0
17330,0.337,0.222,0.239,0.202,Ch1,Ch2,0
17331,0.254,0.295,0.215,0.236,Ch2,Ch3,0
17332,0.447,0.243,0.107,0.203,Ch1,Ch2,0
17333,0.247,0.263,0.272,0.218,Ch3,Ch4,0
17334,0.163,0.347,0.252,0.238,Ch2,Ch3,0
17335,0.322,0.256,0.146,0.276,Ch1,Ch2,0
17336,0.21,0.206,0.288,0.296,Ch4,Ch2,0
17337,0.329,0.151,0.175,0.345,Ch4,Ch3,0
17338,0.315,0.113,0.288,0.284,Ch1,Ch4,0
17339,0.262,0.334,0.143,0.261,Ch2,Ch2,1
17340,0.269,0.249,0.276,0.206,Ch3,Ch1,0
17341,0.229,0.137,0.403,0.231,Ch3,Ch1,0
17342,0.346,0.167,0.159,0.328,Ch1,Ch1,1
17343,0.279,0.281,0.202,0.238,Ch2,Ch2,1
17344,0.231,0.285,0.29,0.194,Ch3,Ch3,1
17345,0.164,0.229,0.246,0.361,Ch4,Ch4,1
17346,0.295,0.237,0.259,0.209,Ch1,Ch2,0
17347,0.17,0.318,0.246,0.266,Ch2,Ch1,0
17348,0.205,0.262,0.192,0.341,Ch4,Ch4,1
17349,0.185,0.181,0.269,0.365,Ch4,Ch1,0
17350,0.209,0.232,0.187,0.372,Ch4,Ch4,1
17351,0.237,0.198,0.253,0.312,Ch4,Ch1,0
17352,0.152,0.435,0.153,0.26,Ch2,Ch1,0
17353,0.125,0.273,0.418,0.184,Ch3,Ch2,0
17354,0.202,0.159,0.389,0.25,Ch3,Ch3,1
17355,0.147,0.245,0.339,0.269,Ch3,Ch4,0
17356,0.373,0.159,0.134,0.334,Ch1,Ch4,0
17357,0.114,0.368,0.321,0.197,Ch2,Ch2,1
17358,0.138,0.467,0.182,0.213,Ch2,Ch2,1
17359,0.336,0.149,0.25,0.265,Ch1,Ch4,0
17360,0.417,0.231,0.162,0.19,Ch1,Ch2,0
17361,0.18,0.368,0.159,0.293,Ch2,Ch4,0
17362,0.197,0.298,0.148,0.357,Ch4,Ch4,1
17363,0.257,0.182,0.246,0.315,Ch4,Ch1,0
17364,0.151,0.273,0.296,0.28,Ch3,Ch4,0
17365,0.188,0.245,0.362,0.205,Ch3,Ch1,0
17366,0.157,0.263,0.331,0.249,Ch3,Ch2,0
17367,0.431,0.177,0.108,0.284,Ch1,Ch2,0
17368,0.267,0.451,0.116,0.166,Ch2,Ch2,1
17369,0.083,0.626,0.101,0.19,Ch2,Ch2,1
17370,0.448,0.235,0.14,0.177,Ch1,Ch1,1
17371,0.156,0.168,0.146,0.53,Ch4,Ch3,0
17372,0.436,0.292,0.106,0.166,Ch1,Ch1,1
17373,0.179,0.185,0.163,0.473,Ch4,Ch1,0
17374,0.2,0.18,0.148,0.472,Ch4,Ch1,0
17375,0.174,0.213,0.122,0.491,Ch4,Ch2,0
17376,0.186,0.146,0.149,0.519,Ch4,Ch3,0
17377,0.448,0.121,0.188,0.243,Ch1,Ch3,0
17378,0.15,0.292,0.148,0.41,Ch4,Ch2,0
17379,0.382,0.305,0.085,0.228,Ch1,Ch3,0
17380,0.087,0.215,0.404,0.294,Ch3,Ch3,1
17381,0.109,0.257,0.129,0.505,Ch4,Ch2,0
17382,0.172,0.18,0.114,0.534,Ch4,Ch2,0
17383,0.15,0.13,0.179,0.541,Ch4,Ch3,0
17384,0.123,0.425,0.234,0.218,Ch2,Ch3,0
17385,0.136,0.127,0.195,0.542,Ch4,Ch1,0
17386,0.149,0.165,0.37,0.316,Ch3,Ch1,0
17387,0.32,0.251,0.246,0.183,Ch1,Ch1,1
17388,0.213,0.223,0.168,0.396,Ch4,Ch1,0
17389,0.303,0.266,0.154,0.277,Ch1,Ch2,0
17390,0.191,0.212,0.356,0.241,Ch3,Ch3,1
17391,0.13,0.344,0.253,0.273,Ch2,Ch3,0
17392,0.188,0.332,0.221,0.259,Ch2,Ch1,0
17393,0.179,0.17,0.15,0.501,Ch4,Ch2,0
17394,0.103,0.37,0.291,0.236,Ch2,Ch2,1
17395,0.11,0.319,0.333,0.238,Ch3,Ch2,0
17396,0.136,0.138,0.142,0.584,Ch4,Ch1,0
17397,0.156,0.136,0.199,0.509,Ch4,Ch1,0
17398,0.122,0.237,0.234,0.407,Ch4,Ch2,0
17399,0.348,0.171,0.152,0.329,Ch1,Ch1,1
17400,0.162,0.25,0.207,0.381,Ch4,Ch2,0
17401,0.128,0.143,0.285,0.444,Ch4,Ch3,0
17402,0.207,0.356,0.104,0.333,Ch2,Ch1,0
17403,0.402,0.147,0.216,0.235,Ch1,Ch1,1
17404,0.285,0.135,0.208,0.372,Ch4,Ch1,0
17405,0.189,0.469,0.13,0.212,Ch2,Ch3,0
17406,0.102,0.314,0.344,0.24,Ch3,Ch1,0
17407,0.105,0.276,0.354,0.265,Ch3,Ch1,0
17408,0.331,0.204,0.147,0.318,Ch1,Ch3,0
17409,0.147,0.161,0.405,0.287,Ch3,Ch1,0
17410,0.109,0.32,0.237,0.334,Ch4,Ch1,0
17411,0.287,0.108,0.357,0.248,Ch3,Ch2,0
17412,0.115,0.239,0.427,0.219,Ch3,Ch1,0
17413,0.199,0.386,0.23,0.185,Ch2,Ch2,1
17414,0.293,0.359,0.143,0.205,Ch2,Ch3,0
17415,0.122,0.522,0.133,0.223,Ch2,Ch3,0
17416,0.134,0.261,0.298,0.307,Ch4,Ch3,0
17417,0.252,0.291,0.26,0.197,Ch2,Ch1,0
17418,0.315,0.265,0.159,0.261,Ch1,Ch3,0
17419,0.173,0.403,0.126,0.298,Ch2,Ch3,0
17420,0.278,0.179,0.288,0.255,Ch3,Ch1,0
17421,0.369,0.124,0.269,0.238,Ch1,Ch2,0
17422,0.32,0.116,0.292,0.272,Ch1,Ch2,0
17423,0.318,0.142,0.177,0.363,Ch4,Ch2,0
17424,0.314,0.184,0.274,0.228,Ch1,Ch4,0
17425,0.135,0.364,0.227,0.274,Ch2,Ch2,1
17426,0.128,0.268,0.296,0.308,Ch4,Ch3,0
17427,0.181,0.472,0.109,0.238,Ch2,Ch4,0
17428,0.25,0.277,0.165,0.308,Ch4,Ch4,1
17429,0.363,0.187,0.199,0.251,Ch1,Ch1,1
17430,0.224,0.326,0.157,0.293,Ch2,Ch4,0
17431,0.182,0.214,0.305,0.299,Ch3,Ch4,0
17432,0.164,0.259,0.324,0.253,Ch3,Ch3,1
17433,0.29,0.257,0.146,0.307,Ch4,Ch4,1
17434,0.228,0.193,0.287,0.292,Ch4,Ch4,1
17435,0.177,0.214,0.336,0.273,Ch3,Ch4,0
17436,0.299,0.169,0.216,0.316,Ch4,Ch4,1
17437,0.405,0.188,0.157,0.25,Ch1,Ch1,1
17438,0.115,0.295,0.323,0.267,Ch3,Ch4,0
17439,0.344,0.311,0.113,0.232,Ch1,Ch1,1
17440,0.203,0.208,0.187,0.402,Ch4,Ch4,1
17441,0.156,0.419,0.139,0.286,Ch2,Ch4,0
17442,0.292,0.205,0.277,0.226,Ch1,Ch3,0
17443,0.293,0.325,0.112,0.27,Ch2,Ch4,0
17444,0.454,0.134,0.18,0.232,Ch1,Ch3,0
17445,0.225,0.192,0.348,0.235,Ch3,Ch3,1
17446,0.215,0.123,0.36,0.302,Ch3,Ch1,0
17447,0.147,0.268,0.161,0.424,Ch4,Ch4,1
17448,0.174,0.114,0.346,0.366,Ch4,Ch3,0
17449,0.309,0.361,0.112,0.218,Ch2,Ch2,1
17450,0.206,0.263,0.133,0.398,Ch4,Ch4,1
17451,0.139,0.226,0.156,0.479,Ch4,Ch4,1
17452,0.194,0.331,0.146,0.329,Ch2,Ch4,0
17453,0.139,0.504,0.092,0.265,Ch2,Ch4,0
17454,0.158,0.463,0.084,0.295,Ch2,Ch4,0
17455,0.255,0.186,0.174,0.385,Ch4,Ch4,1
17456,0.185,0.17,0.122,0.523,Ch4,Ch4,1
17457,0.111,0.446,0.104,0.339,Ch2,Ch4,0
17458,0.118,0.129,0.516,0.237,Ch3,Ch3,1
17459,0.121,0.107,0.432,0.34,Ch3,Ch3,1
17460,0.118,0.196,0.393,0.293,Ch3,Ch4,0
17461,0.155,0.428,0.13,0.287,Ch2,Ch4,0
17462,0.233,0.215,0.358,0.194,Ch3,Ch4,0
17463,0.346,0.132,0.28,0.242,Ch1,Ch1,1
17464,0.108,0.497,0.234,0.161,Ch2,Ch3,0
17465,0.549,0.201,0.073,0.177,Ch1,Ch1,1
17466,0.237,0.412,0.148,0.203,Ch2,Ch1,0
17467,0.369,0.162,0.096,0.373,Ch4,Ch1,0
17468,0.418,0.258,0.081,0.243,Ch1,Ch1,1
17469,0.118,0.309,0.254,0.319,Ch4,Ch4,1
17470,0.255,0.221,0.359,0.165,Ch3,Ch1,0
17471,0.106,0.439,0.068,0.387,Ch2,Ch2,1
17472,0.289,0.364,0.219,0.128,Ch2,Ch2,1
17473,0.139,0.337,0.086,0.438,Ch4,Ch4,1
17474,0.211,0.243,0.275,0.271,Ch3,Ch2,0
17475,0.215,0.255,0.243,0.287,Ch4,Ch2,0
17476,0.187,0.231,0.3,0.282,Ch3,Ch3,1
17477,0.298,0.394,0.138,0.17,Ch2,Ch2,1
17478,0.094,0.197,0.321,0.388,Ch4,Ch3,0
17479,0.098,0.254,0.327,0.321,Ch3,Ch3,1
17480,0.475,0.108,0.082,0.335,Ch1,Ch1,1
17481,0.366,0.236,0.229,0.169,Ch1,Ch2,0
17482,0.095,0.478,0.276,0.151,Ch2,Ch2,1
17483,0.335,0.086,0.415,0.164,Ch3,Ch3,1
17484,0.106,0.378,0.131,0.385,Ch4,Ch1,0
17485,0.108,0.201,0.428,0.263,Ch3,Ch3,1
17486,0.404,0.098,0.11,0.388,Ch1,Ch2,0
17487,0.142,0.307,0.141,0.41,Ch4,Ch2,0
17488,0.214,0.529,0.078,0.179,Ch2,Ch2,1
17489,0.138,0.489,0.122,0.251,Ch2,Ch2,1
17490,0.307,0.117,0.352,0.224,Ch3,Ch2,0
17491,0.092,0.34,0.413,0.155,Ch3,Ch2,0
17492,0.286,0.083,0.122,0.509,Ch4,Ch1,0
17493,0.397,0.096,0.121,0.386,Ch1,Ch1,1
17494,0.067,0.658,0.098,0.177,Ch2,Ch2,1
17495,0.289,0.11,0.35,0.251,Ch3,Ch3,1
17496,0.236,0.099,0.486,0.179,Ch3,Ch3,1
17497,0.355,0.285,0.104,0.256,Ch1,Ch1,1
17498,0.424,0.223,0.124,0.229,Ch1,Ch1,1
17499,0.089,0.259,0.092,0.56,Ch4,Ch2,0
17500,0.199,0.395,0.144,0.262,Ch2,Ch2,1
17501,0.14,0.18,0.478,0.202,Ch3,Ch2,0
17502,0.151,0.283,0.204,0.362,Ch4,Ch3,0
17503,0.267,0.294,0.167,0.272,Ch2,Ch2,1
17504,0.137,0.295,0.246,0.322,Ch4,Ch2,0
17505,0.117,0.159,0.35,0.374,Ch4,Ch2,0
17506,0.411,0.143,0.215,0.231,Ch1,Ch3,0
17507,0.298,0.13,0.187,0.385,Ch4,Ch3,0
17508,0.15,0.123,0.425,0.302,Ch3,Ch3,1
17509,0.337,0.123,0.173,0.367,Ch4,Ch3,0
17510,0.155,0.216,0.175,0.454,Ch4,Ch2,0
17511,0.21,0.424,0.15,0.216,Ch2,Ch2,1
17512,0.339,0.135,0.17,0.356,Ch4,Ch1,0
17513,0.146,0.153,0.159,0.542,Ch4,Ch3,0
17514,0.111,0.378,0.126,0.385,Ch4,Ch1,0
17515,0.254,0.224,0.153,0.369,Ch4,Ch2,0
17516,0.38,0.142,0.27,0.208,Ch1,Ch3,0
17517,0.119,0.459,0.231,0.191,Ch2,Ch1,0
17518,0.12,0.105,0.347,0.428,Ch4,Ch3,0
17519,0.106,0.138,0.38,0.376,Ch3,Ch4,0
17520,0.233,0.145,0.351,0.271,Ch3,Ch2,0
17521,0.079,0.282,0.451,0.188,Ch3,Ch2,0
17522,0.132,0.417,0.194,0.257,Ch2,Ch3,0
17523,0.079,0.296,0.445,0.18,Ch3,Ch4,0
17524,0.357,0.136,0.252,0.255,Ch1,Ch1,1
17525,0.31,0.183,0.238,0.269,Ch1,Ch4,0
17526,0.115,0.189,0.395,0.301,Ch3,Ch2,0
17527,0.142,0.448,0.154,0.256,Ch2,Ch4,0
17528,0.097,0.445,0.212,0.246,Ch2,Ch4,0
17529,0.125,0.123,0.227,0.525,Ch4,Ch2,0
17530,0.421,0.113,0.2,0.266,Ch1,Ch3,0
17531,0.564,0.112,0.084,0.24,Ch1,Ch4,0
17532,0.463,0.192,0.098,0.247,Ch1,Ch4,0
17533,0.094,0.473,0.143,0.29,Ch2,Ch2,1
17534,0.1,0.123,0.494,0.283,Ch3,Ch3,1
17535,0.421,0.124,0.106,0.349,Ch1,Ch4,0
17536,0.213,0.511,0.082,0.194,Ch2,Ch2,1
17537,0.111,0.226,0.137,0.526,Ch4,Ch3,0
17538,0.266,0.225,0.227,0.282,Ch4,Ch3,0
17539,0.111,0.406,0.284,0.199,Ch2,Ch3,0
17540,0.164,0.209,0.201,0.426,Ch4,Ch3,0
17541,0.17,0.394,0.206,0.23,Ch2,Ch2,1
17542,0.111,0.319,0.257,0.313,Ch2,Ch2,1
17543,0.243,0.113,0.322,0.322,Ch3,Ch1,0
17544,0.111,0.256,0.391,0.242,Ch3,Ch3,1
17545,0.417,0.141,0.143,0.299,Ch1,Ch1,1
17546,0.316,0.227,0.134,0.323,Ch4,Ch1,0
17547,0.425,0.245,0.111,0.219,Ch1,Ch1,1
17548,0.196,0.211,0.154,0.439,Ch4,Ch1,0
17549,0.155,0.387,0.111,0.347,Ch2,Ch1,0
17550,0.278,0.141,0.191,0.39,Ch4,Ch1,0
17551,0.222,0.316,0.115,0.347,Ch4,Ch2,0
17552,0.138,0.237,0.202,0.423,Ch4,Ch3,0
17553,0.169,0.339,0.186,0.306,Ch2,Ch2,1
17554,0.181,0.144,0.276,0.399,Ch4,Ch3,0
17555,0.243,0.182,0.179,0.396,Ch4,Ch3,0
17556,0.124,0.227,0.344,0.305,Ch3,Ch3,1
17557,0.246,0.147,0.323,0.284,Ch3,Ch1,0
17558,0.433,0.142,0.152,0.273,Ch1,Ch1,1
17559,0.173,0.217,0.192,0.418,Ch4,Ch4,1
17560,0.39,0.17,0.161,0.279,Ch1,Ch1,1
17561,0.144,0.379,0.148,0.329,Ch2,Ch2,1
17562,0.131,0.258,0.264,0.347,Ch4,Ch4,1
17563,0.3,0.165,0.179,0.356,Ch4,Ch1,0
17564,0.161,0.295,0.241,0.303,Ch4,Ch2,0
17565,0.228,0.142,0.399,0.231,Ch3,Ch3,1
17566,0.158,0.152,0.401,0.289,Ch3,Ch4,0
17567,0.25,0.198,0.183,0.369,Ch4,Ch3,0
17568,0.284,0.403,0.136,0.177,Ch2,Ch2,1
17569,0.155,0.192,0.466,0.187,Ch3,Ch3,1
17570,0.137,0.432,0.154,0.277,Ch2,Ch2,1
17571,0.234,0.247,0.196,0.323,Ch4,Ch4,1
17572,0.451,0.188,0.182,0.179,Ch1,Ch1,1
17573,0.154,0.543,0.106,0.197,Ch2,Ch2,1
17574,0.196,0.179,0.324,0.301,Ch3,Ch4,0
17575,0.131,0.162,0.326,0.381,Ch4,Ch3,0
17576,0.101,0.267,0.263,0.369,Ch4,Ch1,0
17577,0.083,0.25,0.344,0.323,Ch3,Ch4,0
17578,0.489,0.305,0.089,0.117,Ch1,Ch1,1
17579,0.357,0.116,0.193,0.334,Ch1,Ch4,0
17580,0.328,0.19,0.112,0.37,Ch4,Ch4,1
17581,0.225,0.319,0.133,0.323,Ch4,Ch4,1
17582,0.277,0.218,0.336,0.169,Ch3,Ch4,0
17583,0.084,0.386,0.239,0.291,Ch2,Ch1,0
17584,0.104,0.195,0.545,0.156,Ch3,Ch1,0
17585,0.243,0.363,0.252,0.142,Ch2,Ch4,0
17586,0.166,0.13,0.373,0.331,Ch3,Ch4,0
17587,0.129,0.351,0.218,0.302,Ch2,Ch1,0
17588,0.428,0.122,0.171,0.279,Ch1,Ch1,1
17589,0.333,0.397,0.089,0.181,Ch2,Ch4,0
17590,0.343,0.39,0.088,0.179,Ch2,Ch3,0
17591,0.131,0.22,0.121,0.528,Ch4,Ch4,1
17592,0.466,0.115,0.122,0.297,Ch1,Ch4,0
17593,0.095,0.364,0.399,0.142,Ch3,Ch1,0
17594,0.203,0.119,0.362,0.316,Ch3,Ch4,0
17595,0.279,0.138,0.202,0.381,Ch4,Ch4,1
17596,0.246,0.338,0.156,0.26,Ch2,Ch4,0
17597,0.238,0.35,0.179,0.233,Ch2,Ch1,0
17598,0.204,0.374,0.147,0.275,Ch2,Ch4,0
17599,0.339,0.213,0.153,0.295,Ch1,Ch4,0
17600,0.155,0.26,0.194,0.391,Ch4,Ch4,1
17601,0.124,0.435,0.159,0.282,Ch2,Ch2,1
17602,0.144,0.158,0.322,0.376,Ch4,Ch4,1
17603,0.167,0.265,0.155,0.413,Ch4,Ch4,1
17604,0.268,0.24,0.304,0.188,Ch3,Ch1,0
17605,0.273,0.178,0.292,0.257,Ch3,Ch3,1
17606,0.114,0.402,0.148,0.336,Ch2,Ch2,1
17607,0.171,0.442,0.114,0.273,Ch2,Ch2,1
17608,0.143,0.178,0.406,0.273,Ch3,Ch4,0
17609,0.147,0.354,0.192,0.307,Ch2,Ch2,1
17610,0.109,0.342,0.325,0.224,Ch2,Ch4,0
17611,0.18,0.296,0.313,0.211,Ch3,Ch3,1
17612,0.173,0.15,0.384,0.293,Ch3,Ch4,0
17613,0.151,0.365,0.224,0.26,Ch2,Ch2,1
17614,0.142,0.124,0.512,0.222,Ch3,Ch3,1
17615,0.129,0.248,0.384,0.239,Ch3,Ch4,0
17616,0.335,0.134,0.236,0.295,Ch1,Ch4,0
17617,0.278,0.45,0.094,0.178,Ch2,Ch2,1
17618,0.123,0.141,0.431,0.305,Ch3,Ch4,0
17619,0.119,0.376,0.152,0.353,Ch2,Ch4,0
17620,0.151,0.501,0.097,0.251,Ch2,Ch2,1
17621,0.124,0.217,0.442,0.217,Ch3,Ch4,0
17622,0.154,0.207,0.148,0.491,Ch4,Ch4,1
17623,0.148,0.165,0.175,0.512,Ch4,Ch4,1
17624,0.145,0.127,0.439,0.289,Ch3,Ch4,0
17625,0.144,0.149,0.446,0.261,Ch3,Ch3,1
17626,0.164,0.17,0.134,0.532,Ch4,Ch4,1
17627,0.16,0.508,0.098,0.234,Ch2,Ch2,1
17628,0.437,0.267,0.108,0.188,Ch1,Ch4,0
17629,0.136,0.401,0.12,0.343,Ch2,Ch4,0
17630,0.134,0.327,0.143,0.396,Ch4,Ch4,1
17631,0.164,0.152,0.151,0.533,Ch4,Ch4,1
17632,0.31,0.113,0.193,0.384,Ch4,Ch4,1
17633,0.08,0.275,0.417,0.228,Ch3,Ch2,0
17634,0.389,0.295,0.119,0.197,Ch1,Ch2,0
17635,0.246,0.111,0.202,0.441,Ch4,Ch1,0
17636,0.119,0.227,0.142,0.512,Ch4,Ch2,0
17637,0.121,0.362,0.133,0.384,Ch4,Ch1,0
17638,0.079,0.25,0.254,0.417,Ch4,Ch3,0
17639,0.193,0.138,0.278,0.391,Ch4,Ch2,0
17640,0.114,0.301,0.165,0.42,Ch4,Ch3,0
17641,0.089,0.255,0.227,0.429,Ch4,Ch2,0
17642,0.13,0.272,0.136,0.462,Ch4,Ch1,0
17643,0.135,0.252,0.228,0.385,Ch4,Ch1,0
17644,0.087,0.129,0.545,0.239,Ch3,Ch1,0
17645,0.091,0.118,0.311,0.48,Ch4,Ch3,0
17646,0.101,0.198,0.26,0.441,Ch4,Ch2,0
17647,0.08,0.443,0.253,0.224,Ch2,Ch2,1
17648,0.269,0.157,0.172,0.402,Ch4,Ch1,0
17649,0.266,0.132,0.174,0.428,Ch4,Ch3,0
17650,0.132,0.108,0.321,0.439,Ch4,Ch3,0
17651,0.198,0.167,0.171,0.464,Ch4,Ch3,0
17652,0.098,0.128,0.506,0.268,Ch3,Ch3,1
17653,0.508,0.206,0.083,0.203,Ch1,Ch1,1
17654,0.122,0.197,0.183,0.498,Ch4,Ch4,1
17655,0.273,0.191,0.13,0.406,Ch4,Ch2,0
17656,0.17,0.14,0.129,0.561,Ch4,Ch1,0
17657,0.076,0.503,0.204,0.217,Ch2,Ch2,1
17658,0.101,0.1,0.361,0.438,Ch4,Ch3,0
17659,0.095,0.205,0.313,0.387,Ch4,Ch4,1
17660,0.158,0.137,0.175,0.53,Ch4,Ch1,0
17661,0.141,0.2,0.121,0.538,Ch4,Ch1,0
17662,0.101,0.123,0.328,0.448,Ch4,Ch2,0
17663,0.071,0.563,0.165,0.201,Ch2,Ch2,1
17664,0.136,0.17,0.192,0.502,Ch4,Ch3,0
17665,0.131,0.19,0.283,0.396,Ch4,Ch2,0
17666,0.097,0.413,0.304,0.186,Ch2,Ch3,0
17667,0.155,0.319,0.147,0.379,Ch4,Ch3,0
17668,0.07,0.245,0.285,0.4,Ch4,Ch3,0
17669,0.265,0.171,0.093,0.471,Ch4,Ch2,0
17670,0.247,0.082,0.173,0.498,Ch4,Ch1,0
17671,0.069,0.162,0.476,0.293,Ch3,Ch1,0
17672,0.12,0.101,0.536,0.243,Ch3,Ch3,1
17673,0.269,0.091,0.37,0.27,Ch3,Ch1,0
17674,0.518,0.111,0.119,0.252,Ch1,Ch2,0
17675,0.165,0.502,0.094,0.239,Ch2,Ch2,1
17676,0.088,0.117,0.443,0.352,Ch3,Ch3,1
17677,0.267,0.336,0.095,0.302,Ch2,Ch2,1
17678,0.103,0.16,0.432,0.305,Ch3,Ch3,1
17679,0.531,0.097,0.227,0.145,Ch1,Ch1,1
17680,0.091,0.129,0.412,0.368,Ch3,Ch2,0
17681,0.096,0.333,0.298,0.273,Ch2,Ch3,0
17682,0.307,0.341,0.078,0.274,Ch2,Ch1,0
17683,0.152,0.066,0.589,0.193,Ch3,Ch3,1
17684,0.135,0.293,0.303,0.269,Ch3,Ch1,0
17685,0.229,0.11,0.277,0.384,Ch4,Ch3,0
17686,0.29,0.123,0.114,0.473,Ch4,Ch2,0
17687,0.084,0.557,0.078,0.281,Ch2,Ch2,1
17688,0.132,0.473,0.104,0.291,Ch2,Ch3,0
17689,0.118,0.328,0.12,0.434,Ch4,Ch3,0
17690,0.126,0.303,0.263,0.308,Ch4,Ch3,0
17691,0.184,0.294,0.147,0.375,Ch4,Ch1,0
17692,0.197,0.171,0.253,0.379,Ch4,Ch1,0
17693,0.213,0.245,0.166,0.376,Ch4,Ch3,0
17694,0.136,0.261,0.144,0.459,Ch4,Ch2,0
17695,0.361,0.149,0.132,0.358,Ch1,Ch3,0
17696,0.205,0.34,0.121,0.334,Ch2,Ch1,0
17697,0.235,0.476,0.086,0.203,Ch2,Ch1,0
17698,0.478,0.159,0.127,0.236,Ch1,Ch1,1
17699,0.107,0.336,0.141,0.416,Ch4,Ch2,0
17700,0.132,0.154,0.341,0.373,Ch4,Ch3,0
17701,0.165,0.142,0.315,0.378,Ch4,Ch2,0
17702,0.139,0.161,0.319,0.381,Ch4,Ch3,0
17703,0.141,0.225,0.312,0.322,Ch4,Ch1,0
17704,0.124,0.375,0.138,0.363,Ch2,Ch2,1
17705,0.13,0.359,0.115,0.396,Ch4,Ch2,0
17706,0.127,0.143,0.358,0.372,Ch4,Ch3,0
17707,0.157,0.136,0.352,0.355,Ch4,Ch2,0
17708,0.149,0.488,0.113,0.25,Ch2,Ch1,0
17709,0.317,0.149,0.292,0.242,Ch1,Ch3,0
17710,0.151,0.176,0.171,0.502,Ch4,Ch4,1
17711,0.219,0.203,0.14,0.438,Ch4,Ch4,1
17712,0.102,0.415,0.143,0.34,Ch2,Ch4,0
17713,0.154,0.272,0.398,0.176,Ch3,Ch4,0
17714,0.265,0.219,0.149,0.367,Ch4,Ch2,0
17715,0.124,0.21,0.133,0.533,Ch4,Ch4,1
17716,0.334,0.155,0.155,0.356,Ch4,Ch1,0
17717,0.161,0.414,0.219,0.206,Ch2,Ch3,0
17718,0.098,0.44,0.147,0.315,Ch2,Ch4,0
17719,0.234,0.149,0.128,0.489,Ch4,Ch4,1
17720,0.364,0.154,0.131,0.351,Ch1,Ch1,1
17721,0.124,0.431,0.103,0.342,Ch2,Ch4,0
17722,0.503,0.134,0.148,0.215,Ch1,Ch1,1
17723,0.135,0.553,0.084,0.228,Ch2,Ch2,1
17724,0.116,0.285,0.287,0.312,Ch4,Ch3,0
17725,0.345,0.141,0.149,0.365,Ch4,Ch4,1
17726,0.274,0.144,0.143,0.439,Ch4,Ch1,0
17727,0.105,0.286,0.443,0.166,Ch3,Ch3,1
17728,0.146,0.393,0.157,0.304,Ch2,Ch2,1
17729,0.139,0.369,0.187,0.305,Ch2,Ch4,0
17730,0.156,0.144,0.459,0.241,Ch3,Ch4,0
17731,0.235,0.17,0.332,0.263,Ch3,Ch1,0
17732,0.329,0.189,0.152,0.33,Ch4,Ch1,0
17733,0.159,0.163,0.333,0.345,Ch4,Ch4,1
17734,0.177,0.338,0.152,0.333,Ch2,Ch4,0
17735,0.415,0.145,0.134,0.306,Ch1,Ch4,0
17736,0.159,0.482,0.091,0.268,Ch2,Ch2,1
17737,0.129,0.163,0.278,0.43,Ch4,Ch4,1
17738,0.435,0.198,0.124,0.243,Ch1,Ch4,0
17739,0.131,0.505,0.186,0.178,Ch2,Ch2,1
17740,0.152,0.126,0.255,0.467,Ch4,Ch4,1
17741,0.1,0.268,0.129,0.503,Ch4,Ch4,1
17742,0.21,0.145,0.146,0.499,Ch4,Ch4,1
17743,0.196,0.5,0.084,0.22,Ch2,Ch1,0
17744,0.148,0.115,0.462,0.275,Ch3,Ch4,0
17745,0.107,0.247,0.114,0.532,Ch4,Ch4,1
17746,0.133,0.524,0.097,0.246,Ch2,Ch2,1
17747,0.173,0.247,0.358,0.222,Ch3,Ch4,0
17748,0.295,0.192,0.235,0.278,Ch1,Ch4,0
17749,0.354,0.152,0.177,0.317,Ch1,Ch4,0
17750,0.129,0.297,0.34,0.234,Ch3,Ch4,0
17751,0.129,0.435,0.134,0.302,Ch2,Ch4,0
17752,0.244,0.163,0.184,0.409,Ch4,Ch4,1
17753,0.171,0.443,0.132,0.254,Ch2,Ch1,0
17754,0.158,0.393,0.135,0.314,Ch2,Ch4,0
17755,0.169,0.154,0.45,0.227,Ch3,Ch4,0
17756,0.159,0.144,0.212,0.485,Ch4,Ch4,1
17757,0.109,0.455,0.136,0.3,Ch2,Ch3,0
17758,0.14,0.427,0.229,0.204,Ch2,Ch4,0
17759,0.361,0.148,0.185,0.306,Ch1,Ch4,0
17760,0.12,0.152,0.377,0.351,Ch3,Ch4,0
17761,0.203,0.141,0.297,0.359,Ch4,Ch4,1
17762,0.112,0.245,0.264,0.379,Ch4,Ch4,1
17763,0.159,0.404,0.105,0.332,Ch2,Ch4,0
17764,0.42,0.152,0.147,0.281,Ch1,Ch1,1
17765,0.109,0.299,0.281,0.311,Ch4,Ch4,1
17766,0.073,0.328,0.319,0.28,Ch2,Ch4,0
17767,0.121,0.167,0.235,0.477,Ch4,Ch2,0
17768,0.094,0.164,0.326,0.416,Ch4,Ch3,0
17769,0.096,0.264,0.373,0.267,Ch3,Ch3,1
17770,0.299,0.229,0.096,0.376,Ch4,Ch1,0
17771,0.075,0.217,0.407,0.301,Ch3,Ch3,1
17772,0.103,0.244,0.115,0.538,Ch4,Ch4,1
17773,0.302,0.09,0.108,0.5,Ch4,Ch4,1
17774,0.565,0.086,0.119,0.23,Ch1,Ch1,1
17775,0.131,0.151,0.192,0.526,Ch4,Ch4,1
17776,0.444,0.116,0.211,0.229,Ch1,Ch1,1
17777,0.25,0.286,0.102,0.362,Ch4,Ch4,1
17778,0.273,0.131,0.169,0.427,Ch4,Ch4,1
17779,0.542,0.164,0.111,0.183,Ch1,Ch1,1
17780,0.106,0.087,0.497,0.31,Ch3,Ch3,1
17781,0.399,0.126,0.286,0.189,Ch1,Ch4,0
17782,0.071,0.464,0.107,0.358,Ch2,Ch2,1
17783,0.323,0.266,0.078,0.333,Ch4,Ch2,0
17784,0.225,0.104,0.414,0.257,Ch3,Ch3,1
17785,0.135,0.363,0.089,0.413,Ch4,Ch4,1
17786,0.553,0.139,0.119,0.189,Ch1,Ch4,0
17787,0.114,0.207,0.107,0.572,Ch4,Ch4,1
17788,0.102,0.249,0.412,0.237,Ch3,Ch4,0
17789,0.424,0.099,0.117,0.36,Ch1,Ch4,0
17790,0.149,0.098,0.097,0.656,Ch4,Ch4,1
17791,0.086,0.122,0.586,0.206,Ch3,Ch3,1
17792,0.276,0.428,0.091,0.205,Ch2,Ch1,0
17793,0.132,0.095,0.106,0.667,Ch4,Ch4,1
17794,0.107,0.225,0.13,0.538,Ch4,Ch4,1
17795,0.108,0.589,0.099,0.204,Ch2,Ch1,0
17796,0.188,0.103,0.084,0.625,Ch4,Ch2,0
17797,0.124,0.125,0.129,0.622,Ch4,Ch4,1
17798,0.55,0.156,0.108,0.186,Ch1,Ch2,0
17799,0.414,0.126,0.101,0.359,Ch1,Ch4,0
17800,0.097,0.194,0.299,0.41,Ch4,Ch2,0
17801,0.111,0.11,0.127,0.652,Ch4,Ch3,0
17802,0.12,0.103,0.155,0.622,Ch4,Ch1,0
17803,0.34,0.113,0.078,0.469,Ch4,Ch1,0
17804,0.167,0.205,0.278,0.35,Ch4,Ch3,0
17805,0.154,0.453,0.115,0.278,Ch2,Ch2,1
17806,0.26,0.333,0.153,0.254,Ch2,Ch2,1
17807,0.308,0.155,0.213,0.324,Ch4,Ch1,0
17808,0.171,0.242,0.371,0.216,Ch3,Ch3,1
17809,0.247,0.178,0.22,0.355,Ch4,Ch4,1
17810,0.388,0.139,0.145,0.328,Ch1,Ch4,0
17811,0.237,0.346,0.129,0.288,Ch2,Ch4,0
17812,0.263,0.238,0.22,0.279,Ch4,Ch3,0
17813,0.133,0.387,0.22,0.26,Ch2,Ch2,1
17814,0.397,0.121,0.137,0.345,Ch1,Ch1,1
17815,0.206,0.335,0.178,0.281,Ch2,Ch4,0
17816,0.099,0.391,0.277,0.233,Ch2,Ch3,0
17817,0.32,0.18,0.158,0.342,Ch4,Ch4,1
17818,0.401,0.116,0.127,0.356,Ch1,Ch4,0
17819,0.354,0.205,0.123,0.318,Ch1,Ch4,0
17820,0.183,0.196,0.227,0.394,Ch4,Ch4,1
17821,0.161,0.332,0.14,0.367,Ch4,Ch4,1
17822,0.2,0.154,0.249,0.397,Ch4,Ch4,1
17823,0.169,0.144,0.128,0.559,Ch4,Ch4,1
17824,0.275,0.109,0.135,0.481,Ch4,Ch3,0
17825,0.197,0.092,0.518,0.193,Ch3,Ch1,0
17826,0.131,0.191,0.117,0.561,Ch4,Ch4,1
17827,0.183,0.17,0.407,0.24,Ch3,Ch1,0
17828,0.129,0.109,0.188,0.574,Ch4,Ch4,1
17829,0.079,0.15,0.498,0.273,Ch3,Ch3,1
17830,0.167,0.258,0.086,0.489,Ch4,Ch2,0
17831,0.176,0.169,0.359,0.296,Ch3,Ch2,0
17832,0.086,0.251,0.434,0.229,Ch3,Ch3,1
17833,0.135,0.165,0.265,0.435,Ch4,Ch3,0
17834,0.255,0.155,0.103,0.487,Ch4,Ch1,0
17835,0.125,0.148,0.123,0.604,Ch4,Ch4,1
17836,0.243,0.095,0.369,0.293,Ch3,Ch1,0
17837,0.102,0.162,0.097,0.639,Ch4,Ch4,1
17838,0.371,0.095,0.128,0.406,Ch4,Ch3,0
17839,0.428,0.159,0.162,0.251,Ch1,Ch1,1
17840,0.133,0.095,0.522,0.25,Ch3,Ch3,1
17841,0.092,0.26,0.129,0.519,Ch4,Ch2,0
17842,0.165,0.175,0.181,0.479,Ch4,Ch1,0
17843,0.178,0.406,0.127,0.289,Ch2,Ch2,1
17844,0.355,0.135,0.208,0.302,Ch1,Ch1,1
17845,0.259,0.159,0.155,0.427,Ch4,Ch1,0
17846,0.425,0.176,0.13,0.269,Ch1,Ch1,1
17847,0.14,0.176,0.161,0.523,Ch4,Ch1,0
17848,0.219,0.129,0.259,0.393,Ch4,Ch3,0
17849,0.167,0.123,0.361,0.349,Ch3,Ch3,1
17850,0.109,0.36,0.331,0.2,Ch2,Ch3,0
17851,0.146,0.178,0.163,0.513,Ch4,Ch4,1
17852,0.138,0.306,0.131,0.425,Ch4,Ch4,1
17853,0.19,0.187,0.146,0.477,Ch4,Ch4,1
17854,0.175,0.128,0.177,0.52,Ch4,Ch3,0
17855,0.194,0.415,0.105,0.286,Ch2,Ch2,1
17856,0.179,0.137,0.153,0.531,Ch4,Ch4,1
17857,0.141,0.321,0.211,0.327,Ch4,Ch2,0
17858,0.169,0.192,0.16,0.479,Ch4,Ch4,1
17859,0.142,0.401,0.12,0.337,Ch2,Ch2,1
17860,0.169,0.175,0.149,0.507,Ch4,Ch2,0
17861,0.314,0.181,0.126,0.379,Ch4,Ch1,0
17862,0.136,0.238,0.162,0.464,Ch4,Ch4,1
17863,0.117,0.162,0.385,0.336,Ch3,Ch3,1
17864,0.416,0.169,0.153,0.262,Ch1,Ch1,1
17865,0.096,0.3,0.424,0.18,Ch3,Ch3,1
17866,0.146,0.233,0.145,0.476,Ch4,Ch4,1
17867,0.154,0.143,0.196,0.507,Ch4,Ch4,1
17868,0.197,0.14,0.197,0.466,Ch4,Ch4,1
17869,0.196,0.158,0.167,0.479,Ch4,Ch4,1
17870,0.147,0.137,0.344,0.372,Ch4,Ch3,0
17871,0.148,0.187,0.16,0.505,Ch4,Ch4,1
17872,0.152,0.202,0.146,0.5,Ch4,Ch4,1
17873,0.152,0.195,0.176,0.477,Ch4,Ch4,1
17874,0.12,0.163,0.308,0.409,Ch4,Ch3,0
17875,0.256,0.156,0.277,0.311,Ch4,Ch4,1
17876,0.166,0.453,0.144,0.237,Ch2,Ch2,1
17877,0.23,0.142,0.4,0.228,Ch3,Ch1,0
17878,0.112,0.342,0.135,0.411,Ch4,Ch4,1
17879,0.133,0.446,0.127,0.294,Ch2,Ch2,1
17880,0.34,0.081,0.207,0.372,Ch4,Ch4,1
17881,0.29,0.351,0.084,0.275,Ch2,Ch2,1
17882,0.084,0.284,0.292,0.34,Ch4,Ch2,0
17883,0.239,0.246,0.088,0.427,Ch4,Ch2,0
17884,0.203,0.146,0.17,0.481,Ch4,Ch2,0
17885,0.231,0.09,0.248,0.431,Ch4,Ch4,1
17886,0.107,0.112,0.177,0.604,Ch4,Ch4,1
17887,0.147,0.229,0.094,0.53,Ch4,Ch4,1
17888,0.053,0.526,0.17,0.251,Ch2,Ch4,0
17889,0.083,0.087,0.279,0.551,Ch4,Ch3,0
17890,0.076,0.361,0.324,0.239,Ch2,Ch3,0
17891,0.408,0.084,0.239,0.269,Ch1,Ch3,0
17892,0.24,0.243,0.184,0.333,Ch4,Ch4,1
17893,0.162,0.323,0.095,0.42,Ch4,Ch2,0
17894,0.121,0.084,0.38,0.415,Ch4,Ch3,0
17895,0.246,0.21,0.176,0.368,Ch4,Ch4,1
17896,0.077,0.172,0.379,0.372,Ch3,Ch2,0
17897,0.076,0.372,0.267,0.285,Ch2,Ch4,0
17898,0.203,0.119,0.142,0.536,Ch4,Ch4,1
17899,0.258,0.559,0.094,0.089,Ch2,Ch2,1
17900,0.148,0.508,0.07,0.274,Ch2,Ch4,0
17901,0.104,0.34,0.264,0.292,Ch2,Ch3,0
17902,0.205,0.268,0.296,0.231,Ch3,Ch1,0
17903,0.064,0.713,0.062,0.161,Ch2,Ch2,1
17904,0.073,0.073,0.407,0.447,Ch4,Ch3,0
17905,0.112,0.277,0.296,0.315,Ch4,Ch2,0
17906,0.08,0.331,0.08,0.509,Ch4,Ch4,1
17907,0.394,0.097,0.072,0.437,Ch4,Ch1,0
17908,0.064,0.142,0.145,0.649,Ch4,Ch3,0
17909,0.074,0.269,0.472,0.185,Ch3,Ch3,1
17910,0.043,0.46,0.055,0.442,Ch2,Ch2,1
17911,0.311,0.082,0.307,0.3,Ch1,Ch4,0
17912,0.7,0.064,0.06,0.176,Ch1,Ch1,1
17913,0.059,0.565,0.059,0.317,Ch2,Ch2,1
17914,0.06,0.084,0.641,0.215,Ch3,Ch3,1
17915,0.08,0.073,0.711,0.136,Ch3,Ch1,0
17916,0.344,0.075,0.076,0.505,Ch4,Ch4,1
17917,0.082,0.411,0.06,0.447,Ch4,Ch2,0
17918,0.232,0.105,0.349,0.314,Ch3,Ch3,1
17919,0.231,0.201,0.283,0.285,Ch4,Ch3,0
17920,0.205,0.266,0.319,0.21,Ch3,Ch3,1
17921,0.114,0.399,0.203,0.284,Ch2,Ch2,1
17922,0.128,0.233,0.243,0.396,Ch4,Ch4,1
17923,0.159,0.202,0.335,0.304,Ch3,Ch3,1
17924,0.372,0.15,0.104,0.374,Ch4,Ch4,1
17925,0.284,0.196,0.267,0.253,Ch1,Ch1,1
17926,0.192,0.135,0.242,0.431,Ch4,Ch4,1
17927,0.256,0.358,0.103,0.283,Ch2,Ch4,0
17928,0.324,0.231,0.143,0.302,Ch1,Ch1,1
17929,0.263,0.312,0.133,0.292,Ch2,Ch2,1
17930,0.133,0.285,0.228,0.354,Ch4,Ch4,1
17931,0.108,0.139,0.397,0.356,Ch3,Ch4,0
17932,0.267,0.11,0.388,0.235,Ch3,Ch1,0
17933,0.347,0.107,0.148,0.398,Ch4,Ch4,1
17934,0.243,0.167,0.159,0.431,Ch4,Ch4,1
17935,0.128,0.37,0.115,0.387,Ch4,Ch4,1
17936,0.149,0.169,0.274,0.408,Ch4,Ch4,1
17937,0.127,0.141,0.257,0.475,Ch4,Ch2,0
17938,0.127,0.212,0.309,0.352,Ch4,Ch3,0
17939,0.233,0.147,0.199,0.421,Ch4,Ch2,0
17940,0.379,0.34,0.085,0.196,Ch1,Ch2,0
17941,0.11,0.294,0.347,0.249,Ch3,Ch2,0
17942,0.261,0.229,0.167,0.343,Ch4,Ch3,0
17943,0.16,0.164,0.258,0.418,Ch4,Ch2,0
17944,0.29,0.14,0.116,0.454,Ch4,Ch2,0
17945,0.221,0.12,0.335,0.324,Ch3,Ch2,0
17946,0.13,0.107,0.242,0.521,Ch4,Ch2,0
17947,0.283,0.124,0.136,0.457,Ch4,Ch2,0
17948,0.167,0.138,0.226,0.469,Ch4,Ch2,0
17949,0.129,0.447,0.228,0.196,Ch2,Ch1,0
17950,0.236,0.467,0.096,0.201,Ch2,Ch1,0
17951,0.306,0.109,0.122,0.463,Ch4,Ch2,0
17952,0.108,0.526,0.091,0.275,Ch2,Ch2,1
17953,0.16,0.353,0.085,0.402,Ch4,Ch2,0
17954,0.103,0.178,0.318,0.401,Ch4,Ch2,0
17955,0.225,0.129,0.261,0.385,Ch4,Ch3,0
17956,0.13,0.176,0.142,0.552,Ch4,Ch3,0
17957,0.362,0.214,0.121,0.303,Ch1,Ch1,1
17958,0.139,0.466,0.084,0.311,Ch2,Ch2,1
17959,0.187,0.115,0.166,0.532,Ch4,Ch3,0
17960,0.266,0.125,0.16,0.449,Ch4,Ch2,0
17961,0.172,0.156,0.177,0.495,Ch4,Ch3,0
17962,0.133,0.45,0.169,0.248,Ch2,Ch2,1
17963,0.228,0.147,0.131,0.494,Ch4,Ch1,0
17964,0.204,0.127,0.138,0.531,Ch4,Ch4,1
17965,0.163,0.105,0.173,0.559,Ch4,Ch3,0
17966,0.147,0.217,0.167,0.469,Ch4,Ch2,0
17967,0.182,0.143,0.146,0.529,Ch4,Ch1,0
17968,0.122,0.154,0.459,0.265,Ch3,Ch3,1
17969,0.105,0.516,0.13,0.249,Ch2,Ch2,1
17970,0.1,0.171,0.212,0.517,Ch4,Ch3,0
17971,0.152,0.189,0.403,0.256,Ch3,Ch3,1
17972,0.491,0.136,0.139,0.234,Ch1,Ch1,1
17973,0.184,0.143,0.144,0.529,Ch4,Ch2,0
17974,0.478,0.123,0.131,0.268,Ch1,Ch1,1
17975,0.536,0.114,0.115,0.235,Ch1,Ch1,1
17976,0.311,0.145,0.131,0.413,Ch4,Ch1,0
17977,0.097,0.124,0.314,0.465,Ch4,Ch3,0
17978,0.339,0.354,0.09,0.217,Ch2,Ch2,1
17979,0.278,0.123,0.11,0.489,Ch4,Ch1,0
17980,0.545,0.109,0.083,0.263,Ch1,Ch1,1
17981,0.189,0.108,0.252,0.451,Ch4,Ch1,0
17982,0.086,0.22,0.376,0.318,Ch3,Ch2,0
17983,0.09,0.434,0.207,0.269,Ch2,Ch3,0
17984,0.103,0.179,0.32,0.398,Ch4,Ch2,0
17985,0.25,0.131,0.134,0.485,Ch4,Ch2,0
17986,0.336,0.157,0.102,0.405,Ch4,Ch1,0
17987,0.063,0.485,0.104,0.348,Ch2,Ch2,1
17988,0.178,0.388,0.087,0.347,Ch2,Ch2,1
17989,0.393,0.094,0.093,0.42,Ch4,Ch1,0
17990,0.093,0.449,0.105,0.353,Ch2,Ch2,1
17991,0.091,0.121,0.318,0.47,Ch4,Ch3,0
17992,0.415,0.086,0.305,0.194,Ch1,Ch1,1
17993,0.121,0.125,0.184,0.57,Ch4,Ch3,0
17994,0.082,0.443,0.208,0.267,Ch2,Ch2,1
17995,0.607,0.08,0.088,0.225,Ch1,Ch1,1
17996,0.105,0.536,0.074,0.285,Ch2,Ch2,1
17997,0.155,0.082,0.489,0.274,Ch3,Ch1,0
17998,0.361,0.106,0.14,0.393,Ch4,Ch1,0
17999,0.083,0.099,0.346,0.472,Ch4,Ch3,0
18000,0.063,0.203,0.573,0.161,Ch3,Ch3,1
18001,0.1,0.439,0.125,0.336,Ch2,Ch2,1
18002,0.059,0.21,0.432,0.299,Ch3,Ch3,1
18003,0.274,0.098,0.414,0.214,Ch3,Ch3,1
18004,0.278,0.142,0.1,0.48,Ch4,Ch1,0
18005,0.077,0.271,0.147,0.505,Ch4,Ch3,0
18006,0.075,0.293,0.113,0.519,Ch4,Ch3,0
18007,0.237,0.074,0.231,0.458,Ch4,Ch3,0
18008,0.413,0.366,0.078,0.143,Ch1,Ch1,1
18009,0.09,0.092,0.324,0.494,Ch4,Ch4,1
18010,0.078,0.208,0.45,0.264,Ch3,Ch3,1
18011,0.075,0.515,0.089,0.321,Ch2,Ch2,1
18012,0.262,0.276,0.084,0.378,Ch4,Ch2,0
18013,0.165,0.105,0.415,0.315,Ch3,Ch3,1
18014,0.094,0.139,0.602,0.165,Ch3,Ch2,0
18015,0.239,0.105,0.347,0.309,Ch3,Ch4,0
18016,0.157,0.103,0.496,0.244,Ch3,Ch4,0
18017,0.163,0.243,0.109,0.485,Ch4,Ch4,1
18018,0.324,0.34,0.144,0.192,Ch2,Ch1,0
18019,0.204,0.11,0.202,0.484,Ch4,Ch4,1
18020,0.132,0.197,0.511,0.16,Ch3,Ch4,0
18021,0.11,0.239,0.353,0.298,Ch3,Ch4,0
18022,0.111,0.243,0.222,0.424,Ch4,Ch4,1
18023,0.262,0.112,0.114,0.512,Ch4,Ch4,1
18024,0.103,0.59,0.098,0.209,Ch2,Ch4,0
18025,0.102,0.289,0.106,0.503,Ch4,Ch4,1
18026,0.133,0.106,0.596,0.165,Ch3,Ch4,0
18027,0.131,0.25,0.123,0.496,Ch4,Ch4,1
18028,0.123,0.09,0.449,0.338,Ch3,Ch4,0
18029,0.11,0.096,0.267,0.527,Ch4,Ch4,1
18030,0.328,0.104,0.419,0.149,Ch3,Ch4,0
18031,0.104,0.144,0.191,0.561,Ch4,Ch4,1
18032,0.119,0.14,0.124,0.617,Ch4,Ch4,1
18033,0.138,0.122,0.135,0.605,Ch4,Ch4,1
18034,0.207,0.071,0.335,0.387,Ch4,Ch3,0
18035,0.083,0.098,0.299,0.52,Ch4,Ch3,0
18036,0.109,0.135,0.093,0.663,Ch4,Ch4,1
18037,0.338,0.11,0.08,0.472,Ch4,Ch1,0
18038,0.138,0.103,0.133,0.626,Ch4,Ch4,1
18039,0.09,0.114,0.118,0.678,Ch4,Ch4,1
18040,0.404,0.104,0.131,0.361,Ch1,Ch1,1
18041,0.098,0.196,0.092,0.614,Ch4,Ch4,1
18042,0.438,0.096,0.08,0.386,Ch1,Ch1,1
18043,0.084,0.117,0.121,0.678,Ch4,Ch4,1
18044,0.397,0.081,0.109,0.413,Ch4,Ch1,0
18045,0.426,0.173,0.057,0.344,Ch1,Ch1,1
18046,0.108,0.138,0.133,0.621,Ch4,Ch4,1
18047,0.087,0.297,0.088,0.528,Ch4,Ch2,0
18048,0.094,0.101,0.124,0.681,Ch4,Ch4,1
18049,0.149,0.101,0.108,0.642,Ch4,Ch4,1
18050,0.08,0.382,0.089,0.449,Ch4,Ch2,0
18051,0.194,0.408,0.133,0.265,Ch2,Ch1,0
18052,0.165,0.514,0.18,0.141,Ch2,Ch3,0
18053,0.153,0.344,0.22,0.283,Ch2,Ch1,0
18054,0.178,0.336,0.174,0.312,Ch2,Ch1,0
18055,0.258,0.118,0.452,0.172,Ch3,Ch3,1
18056,0.125,0.168,0.344,0.363,Ch4,Ch1,0
18057,0.108,0.255,0.443,0.194,Ch3,Ch2,0
18058,0.182,0.331,0.118,0.369,Ch4,Ch1,0
18059,0.356,0.156,0.158,0.33,Ch1,Ch1,1
18060,0.161,0.479,0.194,0.166,Ch2,Ch3,0
18061,0.136,0.181,0.317,0.366,Ch4,Ch3,0
18062,0.183,0.113,0.492,0.212,Ch3,Ch3,1
18063,0.181,0.357,0.121,0.341,Ch2,Ch2,1
18064,0.152,0.138,0.444,0.266,Ch3,Ch3,1
18065,0.105,0.341,0.208,0.346,Ch4,Ch3,0
18066,0.103,0.142,0.424,0.331,Ch3,Ch3,1
18067,0.191,0.101,0.382,0.326,Ch3,Ch3,1
18068,0.093,0.206,0.488,0.213,Ch3,Ch3,1
18069,0.154,0.354,0.169,0.323,Ch2,Ch3,0
18070,0.126,0.125,0.342,0.407,Ch4,Ch4,1
18071,0.205,0.126,0.359,0.31,Ch3,Ch4,0
18072,0.192,0.103,0.176,0.529,Ch4,Ch3,0
18073,0.269,0.24,0.094,0.397,Ch4,Ch1,0
18074,0.135,0.436,0.093,0.336,Ch2,Ch4,0
18075,0.078,0.259,0.174,0.489,Ch4,Ch3,0
18076,0.153,0.11,0.338,0.399,Ch4,Ch3,0
18077,0.105,0.458,0.107,0.33,Ch2,Ch2,1
18078,0.162,0.18,0.28,0.378,Ch4,Ch2,0
18079,0.259,0.114,0.134,0.493,Ch4,Ch2,0
18080,0.094,0.112,0.386,0.408,Ch4,Ch1,0
18081,0.103,0.107,0.412,0.378,Ch3,Ch1,0
18082,0.278,0.131,0.114,0.477,Ch4,Ch4,1
18083,0.089,0.311,0.232,0.368,Ch4,Ch1,0
18084,0.191,0.263,0.105,0.441,Ch4,Ch2,0
18085,0.141,0.212,0.105,0.542,Ch4,Ch2,0
18086,0.087,0.215,0.356,0.342,Ch3,Ch3,1
18087,0.374,0.203,0.101,0.322,Ch1,Ch4,0
18088,0.25,0.098,0.115,0.537,Ch4,Ch2,0
18089,0.187,0.551,0.048,0.214,Ch2,Ch2,1
18090,0.12,0.138,0.426,0.316,Ch3,Ch4,0
18091,0.171,0.171,0.405,0.253,Ch3,Ch4,0
18092,0.166,0.227,0.09,0.517,Ch4,Ch4,1
18093,0.141,0.163,0.451,0.245,Ch3,Ch4,0
18094,0.164,0.456,0.085,0.295,Ch2,Ch4,0
18095,0.084,0.512,0.155,0.249,Ch2,Ch4,0
18096,0.116,0.167,0.382,0.335,Ch3,Ch4,0
18097,0.433,0.14,0.195,0.232,Ch1,Ch3,0
18098,0.091,0.39,0.175,0.344,Ch2,Ch4,0
18099,0.245,0.366,0.087,0.302,Ch2,Ch4,0
18100,0.12,0.101,0.138,0.641,Ch4,Ch4,1
18101,0.53,0.072,0.117,0.281,Ch1,Ch1,1
18102,0.082,0.268,0.45,0.2,Ch3,Ch3,1
18103,0.134,0.126,0.119,0.621,Ch4,Ch4,1
18104,0.405,0.147,0.195,0.253,Ch1,Ch3,0
18105,0.089,0.162,0.106,0.643,Ch4,Ch4,1
18106,0.149,0.091,0.442,0.318,Ch3,Ch4,0
18107,0.167,0.177,0.058,0.598,Ch4,Ch4,1
18108,0.356,0.205,0.168,0.271,Ch1,Ch2,0
18109,0.274,0.17,0.23,0.326,Ch4,Ch2,0
18110,0.334,0.245,0.161,0.26,Ch1,Ch3,0
18111,0.144,0.228,0.396,0.232,Ch3,Ch1,0
18112,0.331,0.23,0.186,0.253,Ch1,Ch2,0
18113,0.281,0.184,0.37,0.165,Ch3,Ch2,0
18114,0.171,0.206,0.337,0.286,Ch3,Ch2,0
18115,0.151,0.195,0.322,0.332,Ch4,Ch2,0
18116,0.135,0.19,0.361,0.314,Ch3,Ch2,0
18117,0.333,0.222,0.192,0.253,Ch1,Ch2,0
18118,0.193,0.25,0.157,0.4,Ch4,Ch2,0
18119,0.203,0.254,0.188,0.355,Ch4,Ch2,0
18120,0.154,0.21,0.215,0.421,Ch4,Ch2,0
18121,0.202,0.381,0.127,0.29,Ch2,Ch2,1
18122,0.192,0.258,0.193,0.357,Ch4,Ch2,0
18123,0.172,0.329,0.282,0.217,Ch2,Ch2,1
18124,0.179,0.261,0.373,0.187,Ch3,Ch2,0
18125,0.183,0.283,0.223,0.311,Ch4,Ch2,0
18126,0.27,0.219,0.193,0.318,Ch4,Ch2,0
18127,0.157,0.173,0.317,0.353,Ch4,Ch2,0
18128,0.153,0.244,0.217,0.386,Ch4,Ch2,0
18129,0.129,0.418,0.146,0.307,Ch2,Ch1,0
18130,0.165,0.348,0.157,0.33,Ch2,Ch1,0
18131,0.192,0.166,0.354,0.288,Ch3,Ch1,0
18132,0.146,0.33,0.151,0.373,Ch4,Ch3,0
18133,0.182,0.135,0.311,0.372,Ch4,Ch1,0
18134,0.312,0.174,0.163,0.351,Ch4,Ch2,0
18135,0.28,0.291,0.14,0.289,Ch2,Ch1,0
18136,0.135,0.153,0.345,0.367,Ch4,Ch1,0
18137,0.185,0.189,0.22,0.406,Ch4,Ch1,0
18138,0.17,0.247,0.285,0.298,Ch4,Ch2,0
18139,0.177,0.196,0.172,0.455,Ch4,Ch2,0
18140,0.306,0.155,0.226,0.313,Ch4,Ch2,0
18141,0.162,0.161,0.332,0.345,Ch4,Ch3,0
18142,0.138,0.261,0.341,0.26,Ch3,Ch1,0
18143,0.146,0.167,0.371,0.316,Ch3,Ch2,0
18144,0.334,0.149,0.163,0.354,Ch4,Ch2,0
18145,0.207,0.174,0.344,0.275,Ch3,Ch3,1
18146,0.236,0.205,0.183,0.376,Ch4,Ch4,1
18147,0.114,0.513,0.139,0.234,Ch2,Ch2,1
18148,0.102,0.26,0.331,0.307,Ch3,Ch3,1
18149,0.366,0.143,0.16,0.331,Ch1,Ch1,1
18150,0.187,0.237,0.154,0.422,Ch4,Ch2,0
18151,0.17,0.161,0.163,0.506,Ch4,Ch4,1
18152,0.234,0.202,0.148,0.416,Ch4,Ch1,0
18153,0.133,0.112,0.178,0.577,Ch4,Ch4,1
18154,0.178,0.129,0.167,0.526,Ch4,Ch4,1
18155,0.129,0.139,0.439,0.293,Ch3,Ch3,1
18156,0.115,0.15,0.419,0.316,Ch3,Ch3,1
18157,0.182,0.518,0.087,0.213,Ch2,Ch2,1
18158,0.101,0.284,0.376,0.239,Ch3,Ch3,1
18159,0.174,0.169,0.128,0.529,Ch4,Ch4,1
18160,0.246,0.45,0.088,0.216,Ch2,Ch2,1
18161,0.459,0.112,0.156,0.273,Ch1,Ch1,1
18162,0.262,0.278,0.133,0.327,Ch4,Ch4,1
18163,0.273,0.123,0.229,0.375,Ch4,Ch4,1
18164,0.256,0.242,0.146,0.356,Ch4,Ch2,0
18165,0.237,0.282,0.135,0.346,Ch4,Ch3,0
18166,0.179,0.295,0.158,0.368,Ch4,Ch3,0
18167,0.223,0.309,0.25,0.218,Ch2,Ch1,0
18168,0.355,0.135,0.148,0.362,Ch4,Ch1,0
18169,0.301,0.313,0.121,0.265,Ch2,Ch2,1
18170,0.154,0.465,0.138,0.243,Ch2,Ch2,1
18171,0.227,0.198,0.192,0.383,Ch4,Ch2,0
18172,0.319,0.128,0.154,0.399,Ch4,Ch1,0
18173,0.291,0.242,0.128,0.339,Ch4,Ch2,0
18174,0.217,0.118,0.225,0.44,Ch4,Ch1,0
18175,0.242,0.412,0.093,0.253,Ch2,Ch2,1
18176,0.121,0.45,0.106,0.323,Ch2,Ch2,1
18177,0.266,0.12,0.144,0.47,Ch4,Ch1,0
18178,0.248,0.214,0.177,0.361,Ch4,Ch2,0
18179,0.122,0.136,0.432,0.31,Ch3,Ch3,1
18180,0.192,0.454,0.097,0.257,Ch2,Ch1,0
18181,0.162,0.15,0.237,0.451,Ch4,Ch3,0
18182,0.141,0.282,0.136,0.441,Ch4,Ch2,0
18183,0.122,0.295,0.134,0.449,Ch4,Ch2,0
18184,0.14,0.253,0.311,0.296,Ch3,Ch2,0
18185,0.129,0.419,0.185,0.267,Ch2,Ch2,1
18186,0.101,0.44,0.227,0.232,Ch2,Ch4,0
18187,0.133,0.124,0.382,0.361,Ch3,Ch4,0
18188,0.133,0.124,0.485,0.258,Ch3,Ch3,1
18189,0.429,0.133,0.157,0.281,Ch1,Ch4,0
18190,0.174,0.146,0.184,0.496,Ch4,Ch4,1
18191,0.099,0.344,0.272,0.285,Ch2,Ch4,0
18192,0.377,0.118,0.144,0.361,Ch1,Ch4,0
18193,0.16,0.145,0.181,0.514,Ch4,Ch4,1
18194,0.115,0.127,0.447,0.311,Ch3,Ch4,0
18195,0.399,0.141,0.167,0.293,Ch1,Ch4,0
18196,0.382,0.152,0.133,0.333,Ch1,Ch4,0
18197,0.29,0.149,0.31,0.251,Ch3,Ch4,0
18198,0.191,0.192,0.158,0.459,Ch4,Ch4,1
18199,0.169,0.134,0.374,0.323,Ch3,Ch3,1
18200,0.187,0.421,0.111,0.281,Ch2,Ch4,0
18201,0.111,0.263,0.271,0.355,Ch4,Ch4,1
18202,0.201,0.134,0.382,0.283,Ch3,Ch4,0
18203,0.214,0.212,0.332,0.242,Ch3,Ch1,0
18204,0.066,0.472,0.214,0.248,Ch2,Ch2,1
18205,0.307,0.277,0.141,0.275,Ch1,Ch2,0
18206,0.217,0.269,0.182,0.332,Ch4,Ch2,0
18207,0.113,0.354,0.344,0.189,Ch2,Ch2,1
18208,0.246,0.232,0.361,0.161,Ch3,Ch1,0
18209,0.345,0.252,0.104,0.299,Ch1,Ch2,0
18210,0.293,0.205,0.248,0.254,Ch1,Ch1,1
18211,0.333,0.146,0.261,0.26,Ch1,Ch3,0
18212,0.421,0.193,0.172,0.214,Ch1,Ch3,0
18213,0.117,0.203,0.2,0.48,Ch4,Ch2,0
18214,0.176,0.432,0.091,0.301,Ch2,Ch2,1
18215,0.312,0.325,0.08,0.283,Ch2,Ch3,0
18216,0.083,0.512,0.186,0.219,Ch2,Ch3,0
18217,0.08,0.351,0.088,0.481,Ch4,Ch2,0
18218,0.106,0.341,0.347,0.206,Ch3,Ch2,0
18219,0.107,0.112,0.256,0.525,Ch4,Ch2,0
18220,0.452,0.191,0.102,0.255,Ch1,Ch2,0
18221,0.114,0.231,0.429,0.226,Ch3,Ch2,0
18222,0.128,0.428,0.182,0.262,Ch2,Ch4,0
18223,0.156,0.251,0.416,0.177,Ch3,Ch4,0
18224,0.194,0.269,0.323,0.214,Ch3,Ch3,1
18225,0.402,0.214,0.19,0.194,Ch1,Ch4,0
18226,0.391,0.206,0.21,0.193,Ch1,Ch4,0
18227,0.225,0.155,0.231,0.389,Ch4,Ch4,1
18228,0.13,0.308,0.343,0.219,Ch3,Ch4,0
18229,0.185,0.25,0.149,0.416,Ch4,Ch4,1
18230,0.291,0.158,0.152,0.399,Ch4,Ch4,1
18231,0.204,0.426,0.138,0.232,Ch2,Ch4,0
18232,0.218,0.182,0.147,0.453,Ch4,Ch4,1
18233,0.142,0.185,0.421,0.252,Ch3,Ch4,0
18234,0.129,0.231,0.229,0.411,Ch4,Ch4,1
18235,0.145,0.191,0.41,0.254,Ch3,Ch4,0
